(1.8,22)
(1775,22)
(1831,21)
(1790,21)
(1791,21)
(108,21)
(175,21)
(1.1,21)
(2020,21)
(1825,21)
(230,21)
(83,21)
(84,21)
(1781,21)
(103,20)
(109,20)
(1843,20)
(4.0,20)
(111,20)
(112,20)
(1.4,20)
(86,20)
(91,19)
(1798,19)
(1492,19)
(146,19)
(1774,19)
(1828,19)
(650,19)
(121,19)
(122,19)
(127,19)
(0.2,18)
(190,18)
(1300,18)
(850,18)
(0.8,18)
(136,18)
(2.6,18)
(1792,18)
(107,18)
(787,18)
(2018,18)
(1707,18)
(76,18)
(1.0,18)
(117,18)
(290,18)
(1770,18)
(1853,18)
(1.9,18)
(1827,18)
(1829,18)
(490,18)
(460,18)
(355,17)
(320,17)
(1755,17)
(1809,17)
(550,17)
(1795,17)
(1763,17)
(1811,17)
(1849,17)
(221,17)
(1817,17)
(179,17)
(2017,17)
(7000,17)
(3.1,17)
(3.2,17)
(123,17)
(430,16)
(1785,16)
(162,16)
(1804,16)
(1806,16)
(167,16)
(2.4,16)
(393,16)
(1810,16)
(1814,16)
(113,16)
(115,16)
(1820,16)
(1822,16)
(1826,16)
(1788,15)
(1754,15)
(168,15)
(2.7,15)
(440,15)
(2.9,15)
(1761,15)
(4.6,15)
(148,15)
(1779,15)
(124,15)
(1559,15)
(1784,14)
(5.5,14)
(1648,14)
(1649,14)
(7.1,14)
(1794,14)
(1796,14)
(1764,14)
(1689,14)
(670,14)
(4.2,14)
(144,14)
(486,14)
(1400,14)
(340,14)
(260,14)
(1777,14)
(183,14)
(310,14)
(129,14)
(0.3,13)
(1807,13)
(131,13)
(133,13)
(137,13)
(366,13)
