(1,1702)
(10,1040)
(2,1028)
(4,877)
(3,857)
(5,808)
(20,798)
(15,770)
(12,735)
(2010,721)
(100,699)
(30,689)
(2011,682)
(11,665)
(6,631)
(18,608)
(7,572)
(25,569)
(16,569)
(2008,562)
(2009,553)
(2007,550)
(14,547)
(2006,545)
(13,542)
(2005,529)
(8,521)
(2012,520)
(2013,512)
(2014,490)
(24,473)
(2000,460)
(50,450)
(17,440)
(2004,429)
(9,427)
(21,418)
(2001,406)
(2015,399)
(19,393)
(22,384)
(28,366)
(2003,366)
(40,352)
(1999,339)
(23,336)
(200,325)
(26,316)
(2002,316)
(1998,303)
(1997,294)
(31,290)
(500,282)
(27,277)
(1994,267)
(60,264)
(29,257)
(1996,251)
(1992,249)
(0,247)
(1991,247)
(1995,247)
(1990,236)
(1980,212)
(300,206)
(1989,202)
(1986,188)
(1993,188)
(1974,183)
(1984,182)
(80,181)
(400,180)
(70,180)
(1988,169)
(1983,167)
(1982,166)
(1975,166)
(1000,165)
(1985,164)
(150,164)
(1972,163)
(65,161)
(45,161)
(35,159)
(1976,159)
(1971,158)
(1970,157)
(1969,154)
(1966,153)
(1987,151)
(1979,150)
(32,148)
(1973,148)
(1960,144)
(1965,142)
(90,141)
(1977,141)
(1978,141)
(1964,139)
(1981,136)
(1968,134)
(2016,133)
(48,129)
(1948,125)
(1967,124)
(1945,123)
(600,120)
(1961,120)
(1963,120)
(1958,117)
(1939,116)
(1947,115)
(33,114)
(1956,113)
(2600,113)
(1962,112)
(1920,111)
(1940,110)
(36,109)
(34,107)
(1950,105)
(64,103)
(1942,102)
(1955,101)
(1919,98)
