(1946,97)
(1949,97)
(1959,97)
(700,97)
(1914,92)
(1953,92)
(1917,90)
(1923,90)
(1941,90)
(1944,89)
(1954,89)
(250,89)
(51,89)
(1910,88)
(1918,88)
(747,88)
(44,88)
(1930,88)
(1952,86)
(1943,86)
(37,85)
(120,84)
(38,83)
(800,83)
(1929,81)
(42,81)
(1938,81)
(75,79)
(1900,79)
(1957,78)
(1922,78)
(1933,78)
(1916,76)
(1927,76)
(1934,76)
(1951,75)
(7800,75)
(1931,75)
(1901,75)
(39,74)
(1925,74)
(1905,74)
(1913,73)
(767,72)
(1936,71)
(41,69)
(1903,69)
(52,69)
(130,68)
(1924,68)
(1937,68)
(1908,68)
(1912,66)
(1.5,66)
(1911,65)
(1921,65)
(1915,64)
(66,64)
(1500,64)
(55,64)
(1928,63)
(1926,62)
(1906,62)
(1932,61)
(1878,60)
(1904,60)
(1909,60)
(54,60)
(180,58)
(58,58)
(88,57)
(1898,56)
(43,55)
(47,55)
(56,55)
(1907,54)
(1935,53)
(49,52)
(1868,51)
(160,51)
(1860,51)
(1899,51)
(900,50)
(128,50)
(1896,50)
(72,49)
(110,49)
(46,48)
(1902,48)
(1890,48)
(1830,47)
(3000,47)
(1800,47)
(95,47)
(140,47)
(1880,47)
(62,46)
(2.5,46)
(68,46)
(1893,46)
(1867,45)
(63,45)
(1879,45)
(53,45)
(1861,45)
(350,44)
(93,44)
(1848,44)
(77,44)
(57,44)
(170,43)
(256,43)
(5000,43)
(125,43)
(1862,43)
(1870,42)
(1871,42)
(1844,42)
(1882,42)
(1864,41)
(1869,41)
(1876,41)
(61,40)
(1877,40)
(74,40)
