(1730,13)
(1650,13)
(1813,13)
(911,13)
(1816,13)
(1701,13)
(225,13)
(227,13)
(2400,13)
(1511,13)
(114,13)
(2100,13)
(1552,13)
(1553,13)
(205,13)
(3.9,13)
(1750,12)
(192,12)
(5.0,12)
(0.7,12)
(197,12)
(325,12)
(164,12)
(210,12)
(212,12)
(102,12)
(2.3,12)
(1762,12)
(914,12)
(178,12)
(145,12)
(1350,12)
(612,12)
(370,12)
(1771,12)
(6.5,12)
(299,12)
(182,12)
(151,12)
(232,12)
(155,12)
(156,12)
(1718,12)
(3.8,12)
(126,12)
(1609,12)
(351,11)
(404,11)
(1802,11)
(1725,11)
(1001,11)
(2.1,11)
(218,11)
(395,11)
(7.5,11)
(1765,11)
(1769,11)
(4.1,11)
(4.4,11)
(141,11)
(1620,11)
(305,11)
(1.25,11)
(375,11)
(1660,11)
(737,11)
(1603,11)
(380,11)
(1786,10)
(5.1,10)
(401,10)
(196,10)
(243,10)
(1805,10)
(630,10)
(1615,10)
(3200,10)
(1797,10)
(1766,10)
(1688,10)
(416,10)
(255,10)
(176,10)
(4.3,10)
(1656,10)
(13.8,10)
(1512,10)
(1513,10)
(950,10)
(1772,10)
(1773,10)
(181,10)
(6.8,10)
(264,10)
(184,10)
(185,10)
(429,10)
(1748,10)
(153,10)
(157,10)
(3.4,10)
(3.6,10)
(3.7,10)
(620,10)
(208,10)
(1782,9)
(1250,9)
(511,9)
(386,9)
(433,9)
(1670,9)
(0.4,9)
(2030,9)
(1753,9)
(0.6,9)
(1757,9)
(405,9)
(5.6,9)
(777,9)
(1723,9)
(660,9)
(169,9)
(390,9)
(391,9)
(1618,9)
