(3.5,40)
(1891,40)
(1874,39)
(1881,39)
(000,39)
(85,39)
(1897,39)
(1863,38)
(59,38)
(67,38)
(1854,38)
(1846,37)
(1200,37)
(73,37)
(1.2,37)
(4000,37)
(78,36)
(450,36)
(98,35)
(2.2,35)
(1842,35)
(1885,35)
(1889,35)
(1857,35)
(1894,35)
(0.5,34)
(1886,34)
(1892,34)
(101,33)
(105,33)
(1884,33)
(1.3,33)
(1858,33)
(1859,33)
(1100,33)
(1847,32)
(71,32)
(1866,31)
(99,31)
(1872,31)
(106,31)
(1887,31)
(1888,31)
(3.3,31)
(1600,31)
(1895,31)
(1873,30)
(360,30)
(1883,30)
(1850,30)
(1812,29)
(1818,29)
(1662,29)
(1834,28)
(1835,28)
(96,28)
(104,28)
(79,28)
(118,28)
(1.7,28)
(81,28)
(3.0,28)
(87,28)
(68000,28)
(512,27)
(1865,27)
(92,27)
(94,27)
(750,27)
(1776,27)
(1821,27)
(89,27)
(1801,26)
(1839,26)
(69,26)
(1875,26)
(1841,26)
(1815,26)
(220,26)
(1855,26)
(1778,26)
(6000,26)
(1783,25)
(270,25)
(1832,25)
(1833,25)
(5200,25)
(1836,25)
(1838,25)
(116,25)
(1852,25)
(1824,25)
(1789,24)
(1837,24)
(97,24)
(2.0,24)
(365,24)
(1819,24)
(1.6,24)
(1856,24)
(1823,24)
(6502,24)
(1024,24)
(1780,24)
(0.1,23)
(1787,23)
(165,23)
(1808,23)
(135,23)
(280,23)
(1840,23)
(1549,23)
(82,23)
(240,22)
(1803,22)
(2500,22)
(132,22)
(2.8,22)
(1799,22)
(330,22)
(1845,22)
(1700,22)
(4.5,22)
(480,22)
(1851,22)
