(1490,6)
(1733,6)
(1652,6)
(1653,6)
(257,6)
(753,6)
(1738,6)
(142,6)
(1658,6)
(5600,6)
(307,6)
(1010,6)
(802,6)
(4.9,6)
(1544,6)
(309,6)
(68020,6)
(1510,6)
(727,6)
(532,6)
(451,6)
(569,6)
(615,6)
(1518,6)
(373,6)
(293,6)
(870,6)
(6.1,6)
(6.2,6)
(458,6)
(378,6)
(504,6)
(424,6)
(1328,6)
(840,6)
(508,6)
(266,6)
(1582,6)
(1664,6)
(1169,6)
(312,6)
(68060,6)
(763,6)
(1747,6)
(188,6)
(1710,6)
(1630,6)
(1631,6)
(154,6)
(68030,6)
(3300,6)
(159,6)
(1556,6)
(735,6)
(1522,6)
(1479,6)
(1523,6)
(1525,6)
(1526,6)
(8.8,6)
(707,6)
(628,5)
(467,5)
(1170,5)
(549,5)
(353,5)
(1220,5)
(2112,5)
(275,5)
(1178,5)
(195,5)
(1179,5)
(3500,5)
(402,5)
(5.3,5)
(279,5)
(161,5)
(694,5)
(244,5)
(0.04,5)
(8086,5)
(1480,5)
(0.05,5)
(1111,5)
(327,5)
(822,5)
(1563,5)
(1483,5)
(1610,5)
(664,5)
(1567,5)
(1530,5)
(1451,5)
(1.75,5)
(216,5)
(217,5)
(128311,5)
(11.2,5)
(4.83,5)
(1616,5)
(11.8,5)
(394,5)
(476,5)
(0001,5)
(479,5)
(399,5)
(281,5)
(7600,5)
(7.6,5)
(444,5)
(1508,5)
(1760,5)
(1348,5)
(609,5)
(2700,5)
(287,5)
(1571,5)
(1573,5)
(1204,5)
(13.6,5)
(754,5)
(9000,5)
(1621,5)
(1702,5)
(306,5)
