(5.8,7)
(1642,7)
(1644,7)
(211,7)
(68040,7)
(248,7)
(1647,7)
(1611,7)
(1568,7)
(215,7)
(1612,7)
(1450,7)
(667,7)
(1533,7)
(138,7)
(139,7)
(1538,7)
(1501,7)
(1260,7)
(396,7)
(1180,7)
(363,7)
(282,7)
(1347,7)
(1683,7)
(331,7)
(288,7)
(1767,7)
(172,7)
(1687,7)
(415,7)
(1651,7)
(8800,7)
(13.5,7)
(339,7)
(1043,7)
(223,7)
(224,7)
(1659,7)
(18.5,7)
(597,7)
(228,7)
(1545,7)
(599,7)
(1627,7)
(610,7)
(567,7)
(1515,7)
(371,7)
(372,7)
(3100,7)
(6.0,7)
(455,7)
(501,7)
(421,7)
(1694,7)
(6.6,7)
(958,7)
(1742,7)
(1248,7)
(265,7)
(4096,7)
(1667,7)
(1587,7)
(215152,7)
(570,7)
(732,7)
(1715,7)
(571,7)
(158,7)
(491,7)
(1638,7)
(1602,7)
(701,7)
(1604,7)
(8.4,7)
(498,7)
(1607,7)
(462,7)
(8.7,7)
(1527,7)
(545,7)
(546,7)
(387,6)
(271,6)
(434,6)
(272,6)
(515,6)
(193,6)
(1590,6)
(437,6)
(357,6)
(772,6)
(1593,6)
(0.01,6)
(5.4,6)
(198,6)
(0.02,6)
(324,6)
(199,6)
(406,6)
(163,6)
(1722,6)
(246,6)
(409,6)
(583,6)
(214,6)
(1613,6)
(11.1,6)
(586,6)
(1453,6)
(1535,6)
(8601,6)
(472,6)
(1502,6)
(1503,6)
(1793,6)
(1507,6)
(447,6)
(448,6)
(367,6)
(414,6)
(252,6)
(253,6)
(173,6)
