(520,9)
(7.2,9)
(362,9)
(2200,9)
(364,9)
(7.8,9)
(332,9)
(333,9)
(1768,9)
(174,9)
(1493,9)
(1657,9)
(1540,9)
(143,9)
(4.7,9)
(757,9)
(1542,9)
(640,9)
(1011,9)
(8000,9)
(1514,9)
(1516,9)
(1517,9)
(1690,9)
(2050,9)
(420,9)
(6.3,9)
(343,9)
(7500,9)
(262,9)
(680,9)
(186,9)
(1550,9)
(234,9)
(730,9)
(202,9)
(204,9)
(206,9)
(207,9)
(8.5,9)
(464,9)
(510,8)
(385,8)
(999,8)
(1751,8)
(274,8)
(194,8)
(356,8)
(690,8)
(853,8)
(278,8)
(1759,8)
(1598,8)
(245,8)
(1643,8)
(328,8)
(247,8)
(166,8)
(1485,8)
(134,8)
(710,8)
(470,8)
(11.5,8)
(7.0,8)
(475,8)
(7.3,8)
(605,8)
(525,8)
(1680,8)
(410,8)
(411,8)
(171,8)
(254,8)
(338,8)
(1654,8)
(301,8)
(177,8)
(1497,8)
(720,8)
(1541,8)
(1578,8)
(1703,8)
(2019,8)
(4.8,8)
(1012,8)
(229,8)
(1709,8)
(119,8)
(790,8)
(502,8)
(6.4,8)
(425,8)
(760,8)
(311,8)
(152,8)
(235,8)
(201,8)
(238,8)
(1717,8)
(1639,8)
(1396,8)
(540,8)
(541,8)
(2300,8)
(960,8)
(880,7)
(4500,7)
(2800,7)
(1415,7)
(432,7)
(191,7)
(354,7)
(435,7)
(1671,7)
(5.2,7)
(277,7)
(358,7)
(0.9,7)
(241,7)
(323,7)
(242,7)
(936,7)
(1758,7)
(5.7,7)
(1597,7)
