1	1702
10	1040
2	1028
4	877
3	857
5	808
20	798
15	770
12	735
2010	721
100	699
30	689
2011	682
11	665
6	631
18	608
7	572
25	569
16	569
2008	562
2009	553
2007	550
14	547
2006	545
13	542
2005	529
8	521
2012	520
2013	512
2014	490
24	473
2000	460
50	450
17	440
2004	429
9	427
21	418
2001	406
2015	399
19	393
22	384
2003	366
28	366
40	352
1999	339
23	336
200	325
2002	316
26	316
1998	303
1997	294
31	290
500	282
27	277
1994	267
60	264
29	257
1996	251
1992	249
0	247
1991	247
1995	247
1990	236
1980	212
300	206
1989	202
1993	188
1986	188
1974	183
1984	182
80	181
400	180
70	180
1988	169
1983	167
1975	166
1982	166
1000	165
150	164
1985	164
1972	163
45	161
65	161
1976	159
35	159
1971	158
1970	157
1969	154
1966	153
1987	151
1979	150
1973	148
32	148
1960	144
1965	142
90	141
1977	141
1978	141
1964	139
1981	136
1968	134
2016	133
48	129
1948	125
1967	124
1945	123
1961	120
1963	120
600	120
1958	117
1939	116
1947	115
33	114
2600	113
1956	113
1962	112
1920	111
1940	110
36	109
34	107
1950	105
64	103
1942	102
1955	101
1919	98
1949	97
1946	97
1959	97
700	97
1914	92
1953	92
1941	90
1917	90
1923	90
1954	89
250	89
51	89
1944	89
1910	88
44	88
1918	88
1930	88
747	88
1943	86
1952	86
37	85
120	84
800	83
38	83
1929	81
42	81
1938	81
1900	79
75	79
1933	78
1922	78
1957	78
1927	76
1934	76
1916	76
7800	75
1931	75
1901	75
1951	75
39	74
1925	74
1905	74
1913	73
767	72
1936	71
52	69
41	69
1903	69
1924	68
130	68
1908	68
1937	68
1912	66
1.5	66
1911	65
1921	65
1500	64
66	64
1915	64
55	64
1928	63
1926	62
1906	62
1932	61
1878	60
54	60
1904	60
1909	60
58	58
180	58
88	57
1898	56
56	55
47	55
43	55
1907	54
1935	53
49	52
1899	51
1868	51
160	51
1860	51
128	50
900	50
1896	50
72	49
110	49
1902	48
1890	48
46	48
1830	47
140	47
1880	47
1800	47
3000	47
95	47
2.5	46
1893	46
62	46
68	46
1867	45
53	45
1861	45
1879	45
63	45
350	44
93	44
77	44
1848	44
57	44
1862	43
170	43
5000	43
256	43
125	43
1844	42
1882	42
1870	42
1871	42
1876	41
1869	41
1864	41
1891	40
61	40
1877	40
3.5	40
74	40
000	39
1881	39
1897	39
85	39
1874	39
1863	38
59	38
1854	38
67	38
1846	37
1200	37
73	37
1.2	37
4000	37
78	36
450	36
1894	35
1842	35
1885	35
1857	35
1889	35
98	35
2.2	35
0.5	34
1892	34
1886	34
101	33
1.3	33
1884	33
1100	33
1858	33
1859	33
105	33
1847	32
71	32
1872	31
106	31
3.3	31
1895	31
99	31
1888	31
1887	31
1866	31
1600	31
1873	30
1850	30
360	30
1883	30
1662	29
1812	29
1818	29
87	28
104	28
68000	28
3.0	28
96	28
118	28
1835	28
1834	28
1.7	28
81	28
79	28
1776	27
92	27
1821	27
512	27
89	27
750	27
1865	27
94	27
1875	26
1778	26
1801	26
1815	26
6000	26
220	26
1839	26
1841	26
1855	26
69	26
5200	25
1783	25
1838	25
1836	25
270	25
116	25
1824	25
1832	25
1852	25
1833	25
1823	24
1856	24
1789	24
1837	24
1819	24
6502	24
1780	24
1.6	24
97	24
1024	24
365	24
2.0	24
1840	23
1787	23
135	23
82	23
1549	23
280	23
165	23
0.1	23
1808	23
1700	22
480	22
1845	22
2500	22
1799	22
132	22
2.8	22
1775	22
1803	22
330	22
240	22
1.8	22
1851	22
4.5	22
230	21
83	21
108	21
1.1	21
84	21
1790	21
1791	21
1781	21
2020	21
1825	21
175	21
1831	21
109	20
103	20
1843	20
1.4	20
111	20
86	20
4.0	20
112	20
146	19
1492	19
1828	19
91	19
1774	19
1798	19
127	19
121	19
650	19
122	19
1829	18
0.2	18
117	18
1792	18
2.6	18
850	18
787	18
2018	18
1.0	18
0.8	18
1300	18
1827	18
76	18
1853	18
136	18
1707	18
460	18
190	18
107	18
1.9	18
490	18
1770	18
290	18
3.1	17
355	17
1849	17
1817	17
2017	17
1811	17
1755	17
1809	17
320	17
123	17
3.2	17
550	17
179	17
7000	17
1795	17
221	17
1763	17
393	16
1814	16
162	16
1822	16
115	16
1785	16
430	16
1806	16
167	16
1826	16
1810	16
1820	16
1804	16
113	16
2.4	16
2.9	15
1779	15
440	15
4.6	15
148	15
1754	15
2.7	15
1761	15
1788	15
124	15
1559	15
168	15
260	14
310	14
129	14
340	14
486	14
1400	14
144	14
7.1	14
670	14
5.5	14
4.2	14
183	14
1764	14
1689	14
1796	14
1794	14
1648	14
1649	14
1784	14
1777	14
137	13
1511	13
205	13
3.9	13
0.3	13
1730	13
1807	13
911	13
2100	13
114	13
1813	13
2400	13
366	13
1816	13
1553	13
131	13
1552	13
1650	13
227	13
225	13
133	13
1701	13
370	12
1750	12
192	12
145	12
5.0	12
1718	12
0.7	12
232	12
151	12
1350	12
1762	12
155	12
612	12
156	12
299	12
182	12
2.3	12
210	12
6.5	12
102	12
914	12
1609	12
212	12
197	12
126	12
164	12
1771	12
178	12
3.8	12
325	12
380	11
1765	11
141	11
737	11
7.5	11
375	11
1001	11
395	11
305	11
1660	11
1603	11
4.1	11
351	11
2.1	11
404	11
1802	11
4.4	11
218	11
1.25	11
1769	11
1620	11
1725	11
208	10
3.4	10
157	10
255	10
176	10
620	10
13.8	10
243	10
196	10
1772	10
3.6	10
1656	10
264	10
1786	10
1797	10
429	10
3200	10
3.7	10
1615	10
1512	10
1513	10
1688	10
416	10
1805	10
185	10
1773	10
1766	10
5.1	10
950	10
181	10
4.3	10
153	10
1748	10
184	10
401	10
630	10
6.8	10
640	9
7500	9
206	9
1542	9
1768	9
730	9
143	9
660	9
1514	9
511	9
1516	9
777	9
343	9
2050	9
520	9
1517	9
174	9
5.6	9
7.8	9
1757	9
234	9
464	9
169	9
1493	9
1753	9
262	9
1011	9
1540	9
1670	9
364	9
204	9
1690	9
757	9
2200	9
391	9
1657	9
186	9
680	9
0.4	9
405	9
0.6	9
8.5	9
2030	9
433	9
1250	9
8000	9
1782	9
332	9
390	9
386	9
7.2	9
333	9
207	9
362	9
202	9
1550	9
6.3	9
4.7	9
420	9
1723	9
1618	9
1485	8
7.0	8
385	8
690	8
1717	8
235	8
1497	8
999	8
171	8
201	8
1709	8
247	8
254	8
356	8
152	8
245	8
475	8
1703	8
134	8
1012	8
470	8
1541	8
2300	8
760	8
510	8
229	8
605	8
4.8	8
11.5	8
274	8
1396	8
301	8
1578	8
853	8
720	8
6.4	8
194	8
1598	8
2019	8
410	8
790	8
411	8
338	8
1751	8
710	8
425	8
177	8
1680	8
278	8
311	8
502	8
1639	8
1643	8
541	8
540	8
960	8
1654	8
328	8
166	8
238	8
525	8
7.3	8
1759	8
119	8
455	7
5.8	7
363	7
6.6	7
158	7
1043	7
1538	7
0.9	7
701	7
1587	7
1533	7
1347	7
1527	7
1742	7
68040	7
1597	7
958	7
6.0	7
599	7
4096	7
211	7
371	7
354	7
339	7
462	7
3100	7
1602	7
415	7
1604	7
1671	7
1515	7
1607	7
1715	7
880	7
1687	7
1767	7
1611	7
1612	7
571	7
570	7
1683	7
191	7
667	7
5.2	7
567	7
597	7
18.5	7
421	7
1627	7
358	7
498	7
936	7
1758	7
215	7
501	7
215152	7
1260	7
2800	7
396	7
1638	7
139	7
1415	7
331	7
432	7
1501	7
546	7
545	7
265	7
1642	7
172	7
1644	7
435	7
8800	7
1647	7
4500	7
1248	7
8.4	7
248	7
8.7	7
282	7
1651	7
1180	7
138	7
732	7
224	7
1450	7
323	7
228	7
5.7	7
610	7
372	7
223	7
242	7
1659	7
277	7
1667	7
491	7
1694	7
288	7
241	7
1545	7
1568	7
13.5	7
707	6
1507	6
163	6
472	6
68020	6
142	6
312	6
1630	6
173	6
154	6
1582	6
1631	6
532	6
367	6
763	6
1535	6
68030	6
1652	6
199	6
735	6
198	6
1710	6
159	6
448	6
1590	6
6.2	6
1653	6
1593	6
1793	6
6.1	6
406	6
387	6
802	6
1526	6
1525	6
1169	6
409	6
1503	6
1738	6
1523	6
324	6
293	6
1522	6
451	6
447	6
1722	6
8.8	6
1747	6
1733	6
68060	6
1010	6
504	6
8601	6
1502	6
586	6
414	6
615	6
583	6
772	6
1518	6
307	6
193	6
253	6
1658	6
271	6
1479	6
5.4	6
272	6
188	6
1490	6
309	6
252	6
266	6
434	6
0.02	6
257	6
1453	6
1328	6
1613	6
840	6
246	6
373	6
357	6
1544	6
11.1	6
1510	6
1664	6
569	6
753	6
508	6
727	6
870	6
4.9	6
437	6
3300	6
214	6
0.01	6
424	6
1556	6
5600	6
378	6
515	6
458	6
1621	5
261	5
2700	5
1111	5
275	5
244	5
209	5
2112	5
216	5
217	5
226	5
1130	5
842	5
1170	5
1178	5
1179	5
1197	5
822	5
12.4	5
1204	5
8086	5
1209	5
959	5
1220	5
279	5
8.3	5
0.25	5
128311	5
13.6	5
765	5
7600	5
754	5
1348	5
1.75	5
1356	5
1394	5
725	5
722	5
1401	5
1403	5
704	5
1439	5
1443	5
1451	5
10.0	5
7.6	5
1474	5
1480	5
1483	5
694	5
149	5
281	5
15.5	5
678	5
1508	5
664	5
658	5
1519	5
1520	5
1530	5
0.04	5
1015	5
628	5
627	5
1547	5
609	5
1555	5
1563	5
1567	5
1571	5
1573	5
6.7	5
1580	5
1588	5
595	5
161	5
1023	5
1610	5
1616	5
568	5
563	5
9000	5
1632	5
1633	5
1637	5
549	5
544	5
530	5
1661	5
9.7	5
1666	5
287	5
1702	5
1704	5
5.3	5
1716	5
0001	5
495	5
493	5
485	5
1050	5
11.8	5
479	5
476	5
1746	5
1054	5
467	5
465	5
1760	5
456	5
454	5
444	5
0.05	5
18.6	5
402	5
291	5
003	5
4.83	5
399	5
394	5
187	5
377	5
1086	5
353	5
3500	5
345	5
342	5
327	5
295	5
296	5
316	5
11.2	5
314	5
306	5
195	5
289	4
1720	4
1714	4
236	4
1712	4
1706	4
17.5	4
1699	4
1693	4
237	4
1691	4
286	4
1681	4
1679	4
507	4
1676	4
11.6	4
446	4
1668	4
2154	4
443	4
9.5	4
441	4
518	4
519	4
1665	4
522	4
526	4
9.8	4
537	4
539	4
1027	4
543	4
1641	4
432.2	4
1640	4
10242	4
431	4
5500	4
551	4
552	4
555	4
559	4
239	4
427	4
1628	4
560	4
1625	4
4217	4
276	4
1619	4
576	4
1606	4
580	4
5800	4
585	4
413	4
587	4
412	4
1022	4
285	4
1020	4
284	4
408	4
2.00	4
1596	4
403	4
1584	4
213	4
1583	4
1570	4
1119	4
1569	4
1565	4
2.48	4
601	4
1557	4
604	4
613	4
614	4
6150	4
621	4
622	4
625	4
0.75	4
4.45	4
1537	4
1532	4
641	4
1529	4
924	4
1524	4
925	4
1521	4
657	4
928	4
666	4
1506	4
1504	4
674	4
249	4
392	4
11.9	4
1499	4
688	4
1489	4
1482	4
890	4
1475	4
381	4
1472	4
10.8	4
1471	4
1470	4
147	4
7.4	4
1460	4
374	4
1441	4
1440	4
1425	4
1420	4
3700	4
711	4
713	4
715	4
987	4
1395	4
1392	4
1389	4
251	4
736	4
740	4
742	4
745	4
748	4
1349	4
189	4
879	4
755	4
1325	4
945	4
347	4
1101	4
948	4
13.2	4
780	4
337	4
951	4
8.1	4
8.2	4
1246	4
1237	4
8.6	4
1098	4
1225	4
263	4
801	4
326	4
802.11	4
803	4
1210	4
8080	4
322	4
321	4
816	4
1104	4
878	4
12.0	4
1198	4
318	4
0.13	4
883	4
269	4
825	4
11.4	4
267	4
313	4
1192	4
1185	4
830	4
1177	4
1164	4
843	4
298	4
969	4
849	4
1147	4
304	4
1146	4
0101	4
1134	4
1745	4
11.3	4
478	4
477	4
233	4
1741	4
1740	4
1737	4
0010	4
1749	4
1752	4
488	4
1729	4
1728	4
468	4
1756	4
499	4
671	3
672	3
8859	3
268	3
15.6	3
1223	3
15.4	3
10000	3
681	3
1150	3
1736	3
2.15	3
47186	3
1496	3
891	3
1495	3
9.2	3
693	3
1488	3
1487	3
80286	3
383	3
1.000	3
80386	3
303	3
1141	3
0.15	3
10.5	3
1208	3
1205	3
38.5	3
302	3
1462	3
10.3	3
2048	3
1461	3
203	3
1053	3
376	3
1202	3
10.2	3
1459	3
1.20	3
1455	3
814	3
815	3
852	3
12.6	3
1418	3
1724	3
709	3
1.92	3
1056	3
1.90	3
37.5	3
1713	3
461	3
1417	3
1708	3
991	3
1705	3
17.7	3
10646	3
368	3
1128	3
862	3
1697	3
1124	3
717	3
718	3
5.9	3
1686	3
1684	3
1402	3
996	3
1049	3
1046	3
721	3
1677	3
14.7	3
1122	3
9.1	3
14.2	3
1675	3
449	3
1673	3
1672	3
5100	3
1669	3
2.22	3
860	3
729	3
361	3
442	3
3600	3
514	3
5150	3
993	3
517	3
1067	3
1120	3
731	3
1081	3
521	3
733	3
524	3
734	3
9.0	3
1.17	3
529	3
534	3
22.9	3
538	3
359	3
1645	3
739	3
5400	3
1377	3
1744	3
22.5	3
10243	3
940	3
482	3
1195	3
0.07	3
1636	3
483	3
1346	3
1635	3
554	3
829	3
557	3
352	3
1629	3
75.8	3
2021	3
426	3
751	3
83.4	3
1327	3
898	3
2900	3
422	3
219	3
18.1	3
564	3
1623	3
162.8	3
132406	3
1320	3
768	3
907	3
484	3
419	3
418	3
1605	3
974	3
1068	3
131496	3
581	3
582	3
1.57	3
770	3
1.52	3
13.7	3
908	3
1601	3
590	3
774	3
0.93	3
594	3
1.15	3
346	3
1732	3
1.07	3
16.5	3
1173	3
27.5	3
913	3
1592	3
1589	3
1586	3
341	3
13.1	3
1168	3
782	3
1579	3
1577	3
1019	3
1572	3
24.5	3
784	3
785	3
1095	3
6.9	3
896	3
876	3
4.93	3
1298	3
1564	3
4.86	3
60.8	3
1297	3
1284	3
894	3
1560	3
1283	3
4.76	3
1.32	3
919	3
1551	3
611	3
92.3	3
1275	3
2.45	3
2181	3
616	3
617	3
618	3
1546	3
335	3
1273	3
623	3
1017	3
1543	3
334	3
796	3
797	3
1263	3
632	3
1534	3
1014	3
638	3
639	3
497	3
1259	3
1251	3
1528	3
2686	3
1249	3
893	3
892	3
2.14	3
1157	3
308	3
6507	3
654	3
0.74	3
655.957	3
1236	3
846	3
661	3
33.5	3
1009	3
473	3
2055	3
398	3
397	3
1228	3
23.4	2
997	2
984	2
983	2
980	2
979	2
977	2
975	2
9731	2
9700	2
970	2
97.5	2
961	2
96.1	2
956	2
955	2
953	2
95.6	2
942	2
9419	2
94.9	2
94.7	2
935	2
931	2
930	2
927	2
9200	2
920	2
918	2
916	2
91.9	2
91.4	2
905	2
902	2
9.4	2
9.3	2
899	2
897	2
89.7	2
8888	2
881	2
88.5	2
871	2
865	2
861	2
855	2
8500	2
85.2	2
847	2
844	2
839	2
832	2
831	2
821	2
8200	2
820	2
813	2
812	2
809	2
8088	2
805	2
804	2
8008	2
8.33	2
8.19	2
8.0	2
799	2
794	2
792	2
788	2
786	2
783	2
779	2
776	2
775	2
771	2
77.7	2
769	2
761	2
759	2
758	2
756	2
744	2
743	2
738	2
724	2
714	2
712	2
7094	2
7090	2
706	2
7.9	2
7.7	2
7.45	2
7.35	2
7.23	2
7.22	2
698	2
691	2
686	2
684	2
683	2
6809	2
68010	2
673	2
669	2
66141	2
6600	2
659	2
655	2
652	2
6500	2
65.4	2
646	2
635	2
634	2
631	2
63.4	2
629	2
624	2
6128	2
60601	2
60558	2
6028	2
6.75	2
6.45	2
6.44	2
6.22	2
6.14	2
598	2
593	2
59239	2
592	2
591	2
589	2
588	2
578	2
577	2
573	2
566	2
562	2
556	2
553	2
548	2
5466	2
54.9	2
536	2
535	2
531	2
527	2
5248	2
523	2
513	2
505	2
503	2
5.83	2
496	2
4808	2
4711	2
471	2
47.8	2
466	2
463	2
4600	2
459	2
45.1	2
4400	2
44.2	2
439	2
428	2
423	2
41612	2
40.8	2
40.5	2
4.81	2
4.24	2
4.22	2
389	2
384	2
382	2
369	2
365.2425	2
36.7	2
36.1	2
350.000	2
35.4	2
348	2
34.8	2
33.2	2
329	2
32.1	2
317	2
3166	2
315	2
3114	2
31.5	2
308.57	2
3018	2
3.96	2
3.74	2
3.48	2
3.36	2
3.21	2
294	2
292	2
29.9	2
29.5	2
2816	2
28.4	2
28.3	2
2741	2
273	2
27.8	2
27.7	2
27.3	2
26.5	2
25.2	2
2403	2
2402	2
24.3	2
2362	2
222	2
2207	2
22000	2
22.7	2
22.3	2
2163	2
212771	2
210277	2
21.8	2
21.772	2
21.7	2
21.1	2
2065	2
2044	2
2036	2
2026	2
2025	2
2.95	2
2.94	2
2.86	2
2.512	2
2.50	2
2.47	2
2.44	2
2.37	2
2.36	2
2.30	2
2.25	2
2.24	2
2.09	2
2.05	2
19.8	2
19.5	2
18.2	2
1735	2
1731	2
1727	2
1721	2
1711	2
17.9	2
17.8	2
1685	2
1682	2
1678	2
1674	2
1663	2
1655	2
1646	2
1626	2
1624	2
1614	2
16.7	2
16.6	2
16.4	2
1599	2
1595	2
1576	2
1575	2
1574	2
1566	2
1562	2
1561	2
1558	2
1539	2
1531	2
1509	2
1505	2
15000	2
15.2	2
1498	2
1494	2
1484	2
1477	2
1476	2
1473	2
1463	2
1458	2
1456	2
1448	2
1445	2
1435	2
1426	2
1424	2
1423	2
1406	2
1405	2
1404	2
14.4	2
14.1	2
1390	2
1388	2
1373	2
1370	2
136418	2
1361	2
1354	2
1344	2
1340	2
1338	2
1337	2
1335	2
1334	2
1323	2
1321	2
1314	2
1302	2
1296	2
1291	2
1290	2
1282	2
1280	2
1279	2
1278	2
1277	2
1270	2
1264	2
1255	2
1254	2
1244	2
1241	2
1240	2
1238	2
1235	2
1231	2
1230	2
1227	2
1224	2
1215	2
1214	2
1212	2
1207	2
1206	2
1203	2
12.9	2
12.8	2
12.5	2
12.3	2
12.2	2
12.1	2
1190	2
1189	2
1188	2
1186	2
1182	2
1176	2
1174	2
1171	2
1163	2
1160	2
1158	2
1152	2
1138	2
1137	2
1136	2
1127	2
1125	2
1118	2
1117	2
1112	2
1107	2
1103	2
11000	2
1099	2
1091	2
1090	2
1088	2
1078	2
1075	2
1071	2
106906	2
1069	2
1066	2
1063	2
1060	2
1059	2
1058	2
1055	2
1051	2
105.6	2
1048	2
1040	2
1039	2
1029	2
1025	2
1018	2
1016	2
101.325	2
1008	2
1006	2
1004	2
1003	2
1002	2
10.9	2
10.7	2
10.6	2
10.4	2
10.1	2
1.98	2
1.97	2
1.96	2
1.95583	2
1.85	2
1.80	2
1.79	2
1.76	2
1.67	2
1.58	2
1.56	2
1.544	2
1.48	2
1.44	2
1.40	2
1.36	2
1.33	2
1.29	2
1.18	2
1.16	2
1.14	2
1.09	2
1.06	2
1.03	2
1.00	2
04	2
03	2
029	2
0111	2
011	2
007	2
0011	2
0000	2
00	2
0.99	2
0.88	2
0.87	2
0.83	2
0.80	2
0.78	2
0.70	2
0.58	2
0.57	2
0.55	2
0.53	2
0.506127	2
0.45	2
0.40	2
0.30	2
0.28	2
0.27	2
0.20	2
0.18	2
0.12	2
0.10	2
0.09	2
0.06	2
0.03	2
0.021	2
0.005	2
0.0	2
3.05	1
3.07	1
3.08	1
19752	1
3.12	1
3.14	1
3.14159	1
3.16	1
3.211	1
3.212	1
3.25	1
3.2616	1
3.27	1
3.276	1
3.28	1
3.31	1
3.3428	1
3.42	1
3.43	1
3.45	1
3.47	1
196.55	1
3.515	1
3.57	1
3.604	1
3.613	1
3.65	1
3.66	1
3.75	1
3.766	1
3.78	1
3.84	1
3.87	1
3.88	1
3.89	1
3.91	1
3.967	1
30.26	1
30.5	1
300.000	1
30000	1
3009	1
301.6	1
3020	1
303.6	1
193940	1
3033	1
3052	1
3072	1
31.0	1
31.1	1
31.2	1
31.4	1
31.76	1
31.89	1
31.9	1
310.00	1
3150	1
3153	1
3182	1
319	1
32.3	1
32.5	1
32.616	1
32.9	1
192114	1
322.6	1
19200	1
3222	1
3240	1
3250	1
19183	1
3252	1
3258	1
3268	1
32767	1
33.6	1
33.9	1
3303	1
332.94	1
333.29	1
333444	1
3336	1
3345	1
336	1
337.8	1
34.39	1
34.4	1
34.969	1
340.26	1
3400	1
3404	1
344	1
1.63	1
19.7	1
19.6	1
1.62	1
19.4	1
19.2	1
349	1
3490	1
35.1	1
35.2	1
35.453	1
35.5	1
35.6	1
35.7	1
35.8	1
35.9	1
3532	1
353792	1
3552	1
3568	1
358.9	1
36.4	1
36.5	1
36.73	1
36.966	1
3623	1
188111	1
365.24219	1
365.2422	1
365.2468	1
365.25	1
366.1	1
37.63	1
37.9	1
3701	1
37093	1
371.1	1
3750	1
3753	1
3766	1
379	1
38.2	1
38.4	1
38.57	1
186622	1
38.64	1
38.8	1
3800	1
381.2	1
383.5	1
388	1
389.2	1
186.8	1
39.1	1
39.74	1
39.9	1
3900	1
3952	1
396.5	1
4.02	1
4.05	1
4.10	1
4.12	1
4.13	1
4.15	1
4.16	1
4.18	1
4.1833	1
4.276	1
4.286	1
4.32	1
4.33	1
4.35	1
4.36	1
4.37	1
184.44	1
4.396	1
4.40	1
4.42	1
4.46	1
1836.1	1
4.48	1
4.53	1
4.539	1
4.54	1
4.55	1
4.58	1
4.59	1
4.60	1
4.65	1
4.66	1
4.668	1
4.68997	1
4.69	1
4.74	1
4.75	1
4.769	1
4.815	1
4.85	1
4.91	1
40.6	1
40.7	1
40.9	1
400.6	1
4001	1
4004	1
402.06	1
4032	1
405.3	1
4060	1
407	1
41.6	1
41.71	1
41.9	1
4101	1
4123	1
4150	1
417	1
4179	1
42.24	1
18000	1
42.35	1
42.4	1
18.8	1
18.7	1
42.8	1
4200	1
18.4	1
18.251	1
944	1
421.0	1
4221	1
42500	1
42818	1
43.2	1
43.3	1
43.56	1
43.8	1
43.9	1
4300	1
4312	1
43197	1
179.73	1
4339	1
436	1
4360	1
437760	1
438	1
44.3	1
44.51	1
44.6	1
44.67	1
17817	1
44.8	1
44.9	1
178.4	1
440319	1
441.10	1
441.9	1
177723	1
4418	1
445	1
447.2	1
448.6	1
4499	1
45.2	1
45.74	1
450.3	1
4510	1
4516	1
452	1
453	1
4535	1
45364	1
4550	1
457.69	1
46.3	1
46.4	1
462.6	1
4622	1
4631	1
464.3	1
4646	1
4677	1
468.9	1
469	1
47.2	1
47.3	1
47.5	1
17507	1
47.7	1
47.9	1
470.70	1
4734	1
474	1
47536	1
479.57	1
48.2	1
17438	1
1743	1
48.3	1
48.4	1
48.677	1
48.8	1
1739	1
173831	1
4800	1
481	1
481.7	1
1.59	1
4814	1
487	1
99.65	1
4873	1
489	1
49.2	1
49.3	1
947	1
1726	1
491.6	1
492	1
494	1
4945	1
0.24	1
5.07	1
5.10	1
1719	1
5.11	1
5.12	1
5.13	1
5.230	1
5.235	1
5.25	1
5.27	1
1.55	1
5.29	1
171.72	1
5.31	1
5.34	1
5.35	1
5.3735	1
5.416	1
5.434	1
5.48	1
5.500	1
5.54	1
5.544	1
5.58	1
170.4	1
5.59	1
0.23	1
17.82	1
1.54	1
17.79	1
5.62	1
5.65	1
17.42	1
17.4	1
17.3	1
17.2	1
17.1	1
17.09	1
17.000	1
5.663	1
5.7089	1
1698	1
5.71	1
1696	1
5.74	1
5.75	1
1692	1
5.82575	1
5.8625	1
5.93	1
5.9473	1
5.95	1
5.97	1
5.98	1
94701	1
50.0	1
50.12	1
1.51	1
500.10	1
50000	1
5012	1
506	1
1.50	1
506.11	1
507.36	1
509	1
94720	1
51.1	1
51.27	1
51.7	1
51.82	1
167.4	1
5110	1
512.11	1
5128	1
516	1
516.78	1
52.5	1
52.7	1
1.49	1
16622	1
52.8	1
5253	1
526.46	1
5264	1
5279	1
528	1
53.46	1
53.5	1
0.213	1
53.6	1
53.8	1
5300	1
533	1
533.45	1
539.53	1
54.06	1
54.39	1
54.60	1
1.471	1
54.71	1
54.99	1
541.40	1
542	1
5460	1
547	1
164.7	1
5492	1
55.1	1
16384	1
55.2	1
5503	1
5509	1
5535	1
1634	1
555.08	1
5550	1
5566	1
558	1
5585	1
559.51	1
56.68	1
56001	1
1.47	1
561	1
1.45	1
565	1
1622	1
162173	1
16215	1
5657	1
5676	1
5698	1
162.6	1
57.25	1
57.4	1
57.5	1
57.6	1
57.7	1
0.0097	1
5700	1
573.35	1
574	1
575	1
161.5	1
5778	1
578.76	1
579	1
58.3	1
58.5	1
58.9	1
5819	1
584	1
59.5409	1
5900	1
596	1
16.9	1
16.89	1
16.86	1
16.8	1
16.76	1
1.43	1
16.66	1
16.60	1
1.400	1
6.000	1
99.7	1
16.33	1
16.2	1
16.09	1
16.02	1
6.022	1
949	1
6.0358	1
6.07	1
6.08	1
1.38	1
1594	1
6.15	1
6.157	1
1591	1
6.20	1
159.7	1
6.27	1
6.30	1
6.32	1
15872	1
6.34	1
6.362	1
6.4311	1
6.49	1
6.51	1
1581	1
6.52	1
6.53	1
6.63	1
6.7035	1
6.71	1
1.378	1
0.19	1
1.34	1
6.73331	1
6.76	1
6.79	1
6.83	1
6.84	1
6.85	1
6.92	1
6.95	1
1.331	1
60.5	1
156430	1
60.65	1
60.67	1
0.0087	1
9500	1
6011	1
156.3	1
602	1
603	1
952	1
6036	1
608	1
6085	1
6086	1
6100	1
6101	1
6112	1
6162	1
6183	1
1548	1
6188	1
619	1
6200	1
6215	1
6240	1
626	1
6263	1
6286	1
154.3	1
63.7	1
0.158	1
6300	1
6302	1
1536	1
632.5	1
633	1
64.1	1
64.4	1
1.284	1
64.6	1
64.7	1
642	1
643	1
645	1
647	1
648	1
649	1
6499	1
65.7	1
65.9	1
6512	1
152.8	1
152.2	1
6522	1
654.7	1
6541	1
656	1
66.043	1
66.32	1
66.42	1
662	1
663	1
665	1
6666	1
6674	1
1.28	1
668	1
67.0	1
1506022	1
67.5	1
1.27	1
67.9	1
6726	1
675	1
6768	1
1.26	1
677	1
679	1
15.98	1
15.7	1
15.62	1
68.2	1
6800	1
6801	1
15.3	1
15.282	1
15.20	1
96.4	1
15.18	1
15.14	1
15.10	1
15.1	1
15.08	1
6845	1
685	1
1.2449	1
687	1
68851	1
68881	1
1.24	1
689	1
6891.3	1
69.87	1
149.95	1
6900	1
69230	1
695	1
696	1
1486	1
7.000	1
1.23	1
148326	1
7.01	1
14827	1
7.012	1
1481	1
7.075	1
148.7	1
7.09	1
7.112	1
1.227	1
1.224	1
7.17	1
7.19	1
1.2224	1
7.219	1
7.24	1
7.25	1
7.30	1
1469	1
1466	1
1464	1
1.22	1
7.32	1
7.38	1
7.44	1
146.8	1
7.66	1
7.77	1
1.21	1
1.205	1
7.8687	1
145457	1
1454	1
7.88	1
70.3	1
70.36	1
70.46	1
1449	1
96.9	1
1446	1
9600	1
1444	1
70.5	1
1442	1
70.79	1
70.8	1
700.1	1
70013	1
1438	1
1437	1
14367	1
1436	1
1.19	1
1433	1
1432	1
1431	1
1430	1
143.3	1
7012	1
1428	1
1427	1
0.152449	1
702	1
964	1
99.8	1
1421	1
705	1
142.3	1
7074	1
708	1
71.2	1
1416	1
14157	1
71.4	1
14141	1
1414	1
1412	1
1411	1
1410	1
71.8	1
1408	1
965	1
0.14	1
1.13	1
7100	1
72.0	1
72.5	1
14000	1
72.6	1
7200	1
723	1
14.6	1
14.5	1
14.40	1
1.125	1
14.3	1
7244	1
1.10	1
7252	1
1398	1
1397	1
726	1
728	1
73.4	1
1393	1
73.49	1
1391	1
966	1
139.2	1
73.5	1
73.6	1
1.099	1
1387	1
1386	1
1385	1
1382	1
1380	1
7358	1
1378	1
74.2	1
13751	1
1375	1
99.96	1
1372	1
1371	1
1.085	1
7400	1
1368	1
1367	1
1.08	1
1363	1
1362	1
9660	1
1360	1
7406	1
1359	1
1358	1
741	1
0.122	1
1353	1
1351	1
746	1
747.827	1
749	1
749.9	1
75.4	1
75.5	1
1345	1
1.05	1
13432	1
1.047	1
134.883	1
75.7	1
0.006	1
1.02	1
1336	1
1.01	1
1.005	1
1332	1
1331	1
133.179	1
75.9	1
1329	1
752	1
76.03	1
132563	1
762	1
764	1
1324	1
1.000019	1
97.7	1
7670	1
77.26	1
1319	1
1318	1
1317	1
1316	1
77.42	1
0.112	1
1311	1
131.946	1
77.5	1
1309	1
1308	1
1304	1
1303	1
971	1
1301	1
77.56	1
130.000	1
77.59	1
13.93	1
13.9	1
77.81	1
13.799	1
773	1
778	1
13.52	1
78.5	1
13.4	1
13.32	1
13.3	1
78.55	1
13.14	1
78.6	1
13.08	1
13.075	1
781	1
1299	1
789	1
79.3	1
972	1
1295	1
1294	1
1292	1
0870	1
082	1
79.65	1
1288	1
1286	1
1285	1
79.7	1
790.9	1
791	1
074	1
07.30	1
7914	1
055	1
99984629999.7	1
037	1
793	1
1274	1
795	1
1272	1
1271	1
0340832207	1
79896	1
1269	1
1267	1
1266	1
1265	1
03.38	1
8.042	1
1262	1
1261	1
8.047	1
126.16	1
8.113	1
8.13	1
1257	1
990	1
0.0909	1
1253	1
8.14	1
8.26	1
8.2766	1
8.34	1
8.39	1
1247	1
8.477	1
1245	1
0222	1
1243	1
1242	1
021	1
02	1
8.479	1
017	1
8.52	1
8.532	1
01222	1
12345	1
1234	1
0122	1
012	1
123.35	1
8.74	1
8.79	1
0.00315	1
8.88	1
0110	1
8.9	1
1222	1
1221	1
80.000	1
122.9	1
80188	1
1219	1
1218	1
1217	1
0.0852	1
01010	1
973	1
8051	1
806	1
807	1
81.01	1
01000111	1
01	1
81.2	1
81.71	1
0.08	1
810	1
1201	1
811	1
120.8	1
120.4	1
120.000	1
813.0	1
12.982	1
976	1
12.84	1
0014	1
12.7	1
12.65	1
816.5	1
0011001011	1
12.42	1
8175	1
12.312	1
995	1
12.23	1
9780980586718	1
12.133	1
12.12	1
12.10	1
001	1
12.00	1
818	1
8192	1
82.5	1
8254	1
1196	1
8271	1
1193	1
8272	1
000593	1
83.5	1
9789	1
00000111	1
0.061	1
118521	1
83.7	1
1184	1
1183	1
98.1	1
1181	1
834	1
118.06	1
8340.6	1
8367	1
837	1
117721	1
838	1
0.003	1
0.055	1
84.4	1
1172	1
0.97	1
84.75	1
84.8	1
84.81	1
84001	1
1167	1
1166	1
1165	1
841	1
0.963	1
1162	1
0.96	1
116.6	1
116.4	1
8421	1
0.936	1
845	1
1155	1
1154	1
1153	1
98.2	1
85.3	1
115.08	1
85.69	1
1148	1
85.7	1
85.9	1
1145	1
1144	1
851	1
1140	1
8520	1
1139	1
0.92	1
0.907	1
0.90	1
8530	1
1132	1
1131	1
854	1
857	1
8589934590	1
98.5	1
0.888	1
86.1	1
1123	1
86.7	1
1121	1
11200	1
8619	1
112.8	1
112.6	1
112.5	1
863	1
864	1
0.052	1
9969	1
11162	1
1116	1
1115	1
1114	1
1113	1
0.855	1
868	1
1110	1
868.5	1
1109	1
1108	1
0.046	1
1106	1
11046	1
869.7	1
0.8247	1
1101010	1
87.0	1
0.045	1
87.4	1
87.96	1
11.979	1
872	1
873	1
11.7	1
11.63	1
87460	1
876.7	1
877	1
88.3	1
882	1
11.15	1
11.13	1
884	1
885	1
98.6	1
886	1
1097	1
1096	1
887	1
1094	1
1092	1
0.784	1
0.780	1
109.9	1
109.3	1
109.1	1
109.0	1
888	1
0.042	1
1087	1
89.2	1
10859	1
1084	1
89.5	1
1080	1
89.9	1
0.77	1
0.76	1
1073	1
1072	1
98.7	1
1070	1
8900	1
981	1
997.2	1
89793	1
9.05	1
986	1
9.12	1
1064	1
0.680	1
1062	1
1061	1
0.677	1
106.9	1
9.15	1
0.67	1
0.64	1
9.19	1
0.62	1
9.21	1
9.25	1
9860	1
10500	1
9.38	1
105.8	1
105.7	1
0.59	1
105.10	1
9.40	1
9.45	1
1048576	1
0.589	1
1047	1
9.473	1
1045	1
9.54	1
1042	1
1041	1
0.585274	1
9.82	1
0.038	1
1038	1
1036	1
1032	1
1031	1
1030	1
9.9	1
0.0376	1
90.0	1
1026	1
0.565	1
90.2	1
90.75	1
90377	1
9066	1
91.7	1
1021	1
912	1
102.9	1
102.5	1
102.2	1
9162	1
101955	1
917	1
0.56	1
10176	1
92.5	1
0.037	1
92.9	1
921	1
1013	1
922	1
10110010	1
10110001	1
10110000	1
10110	1
926	1
92687	1
101.7	1
0.542	1
101.0	1
929.7	1
93.5	1
0.54	1
1007	1
0.036	1
0.002	1
1003.2	1
0.506	1
0.503	1
93.7	1
10003	1
10002	1
10001	1
93083	1
933	1
100.77	1
100.5	1
100.4	1
100.000	1
9340	1
988	1
10.88	1
937	1
0.477	1
10.66	1
0.023	1
10.57	1
938	1
10.47	1
10.44	1
0.44	1
10.36	1
939	1
10.29	1
10.24	1
10.23	1
94.15	1
10.15	1
10.12	1
10.11	1
0.41	1
94.2	1
23.1	1
23.081	1
23.15	1
23.21	1
2280	1
23.5	1
23.6	1
2262	1
2261	1
23.79	1
2257	1
2256	1
2254.6	1
2254.3	1
23.8	1
224.401	1
23.86	1
223.4	1
23.9	1
222555	1
94.3	1
221.7	1
230.4	1
1.99	1
0.0015	1
2307	1
231	1
231.5	1
22.8	1
99.2	1
232.60	1
22.414	1
22.4	1
22.38	1
0.35	1
22.1	1
22.00	1
2334	1
2192	1
2190.2	1
2350	1
2189.9	1
2182	1
2354	1
2359	1
238.9	1
2168	1
0.33	1
2161	1
2380	1
2386	1
2395	1
24.13	1
2146	1
2144	1
2142	1
24.2	1
24.4	1
2128	1
1.95	1
2126.2	1
2126.0	1
2124	1
2122	1
24.7	1
24.8	1
2110	1
24.81	1
94.5	1
2101	1
24.88	1
24.9	1
94.6	1
94.8	1
1.89	1
21.6	1
21.5	1
21.4	1
21.29	1
1.883	1
242.580	1
2436204.5	1
2088	1
208.3	1
2440	1
207.69	1
2443144.5	1
206610	1
1.87	1
2062	1
2060	1
206.3	1
206.1	1
2443144.5003725	1
2059	1
2056	1
2450	1
2459	1
2495.6	1
25.41	1
2047	1
2046	1
998	1
2043	1
2040	1
25.5	1
2037	1
20367	1
1.84	1
2033	1
2031	1
25.6	1
2508	1
1.800	1
99.5	1
25143	1
2516	1
2525	1
2526	1
2527	1
254.1	1
2540	1
257.23	1
2570	1
258	1
259	1
2590	1
26.3	1
26.4	1
26.7	1
26.73	1
26.8	1
26000	1
2603	1
2650	1
26535	1
2655	1
2660	1
20006	1
20000	1
2690	1
27.000	1
20.9	1
20.8	1
20.7	1
20.6	1
20.5	1
20.4	1
20.3	1
20.2	1
20.14	1
20.12	1
20.04	1
20.02	1
27.33	1
2.97	1
94.950	1
2.944	1
0.2908	1
2.93	1
2.91	1
2.908	1
27.4	1
2.89	1
2.888	1
2.88	1
2.872	1
2.87	1
1.77	1
2.84	1
2.83	1
27.46	1
2.78	1
2.76	1
2.74	1
2.72	1
270.7	1
2.67	1
2.65	1
2.645	1
2.62	1
2.607	1
2701	1
2.57	1
2.55	1
2.54	1
0.012	1
9400	1
2726	1
27500	1
1.74	1
2760	1
1.73	1
2.43	1
2.42	1
2.41	1
2.40	1
2766	1
2.38	1
2.376	1
1.725	1
1.72	1
2.35	1
2.34	1
2.31	1
943	1
28.5	1
2.29	1
2.26	1
1.68	1
99942	1
2.23	1
2.222	1
28.6	1
2.21	1
2.20	1
28.8	1
2.19	1
2.18	1
2.17	1
2801	1
282.6	1
2.106	1
2822	1
1.66	1
2.089	1
2.08	1
2.07	1
1.65	1
2.04	1
2.03	1
2.01	1
283	1
285.68	1
2850	1
2867	1
2890	1
29.0	1
29.1	1
29.2	1
29.333333333333332	1
29.37	1
29.73	1
2914	1
2917	1
2925	1
293.2	1
2939	1
294117	1
295.7	1
296.40	1
296.7	1
297	1
298.9	1
2980	1
299.63	1
2997	1
3.02	1
