(1653,6)
(257,6)
(753,6)
(1738,6)
(142,6)
(1658,6)
(5600,6)
(307,6)
(1010,6)
(802,6)
(4.9,6)
(1544,6)
(309,6)
(68020,6)
(1510,6)
(727,6)
(532,6)
(451,6)
(569,6)
(615,6)
(1518,6)
(373,6)
(293,6)
(870,6)
(6.1,6)
(6.2,6)
(458,6)
(378,6)
(504,6)
(424,6)
(1328,6)
(840,6)
(508,6)
(266,6)
(1582,6)
(1664,6)
(1169,6)
(312,6)
(68060,6)
(763,6)
(1747,6)
(188,6)
(1710,6)
(1630,6)
(1631,6)
(154,6)
(68030,6)
(3300,6)
(159,6)
(1556,6)
(735,6)
(1522,6)
(1479,6)
(1523,6)
(1525,6)
(1526,6)
(8.8,6)
(707,6)
(628,5)
(467,5)
(1170,5)
(549,5)
(353,5)
(1220,5)
(2112,5)
(275,5)
(1178,5)
(195,5)
(1179,5)
(3500,5)
(402,5)
(5.3,5)
(279,5)
(161,5)
(694,5)
(244,5)
(0.04,5)
(8086,5)
(1480,5)
(0.05,5)
(1111,5)
(327,5)
(822,5)
(1563,5)
(1483,5)
(1610,5)
(664,5)
(1567,5)
(1530,5)
(1451,5)
(1.75,5)
(216,5)
(217,5)
(128311,5)
(11.2,5)
(4.83,5)
(1616,5)
(11.8,5)
(394,5)
(476,5)
(0001,5)
(479,5)
(399,5)
(281,5)
(7600,5)
(7.6,5)
(444,5)
(1508,5)
(1760,5)
(1348,5)
(609,5)
(2700,5)
(287,5)
(1571,5)
(1573,5)
(1204,5)
(13.6,5)
(754,5)
(9000,5)
(1621,5)
(1702,5)
(306,5)
(595,5)
(1704,5)
(226,5)
(1209,5)
(18.6,5)
(678,5)
(722,5)
(149,5)
(9.7,5)
(563,5)
(725,5)
(1015,5)
(1547,5)
(485,5)
(10.0,5)
(530,5)
(568,5)
(291,5)
(1356,5)
(454,5)
(003,5)
(1519,5)
(1401,5)
(456,5)
(1439,5)
(1197,5)
(295,5)
(1403,5)
(15.5,5)
(296,5)
(377,5)
(261,5)
(342,5)
(6.7,5)
(345,5)
(1580,5)
(1661,5)
(1130,5)
(1086,5)
(0.25,5)
(959,5)
(842,5)
(1050,5)
(187,5)
(1746,5)
(1666,5)
(765,5)
(314,5)
(1054,5)
(1588,5)
(1632,5)
(316,5)
(1633,5)
(12.4,5)
(1716,5)
(1555,5)
(1474,5)
(1023,5)
(1394,5)
(1637,5)
(493,5)
(1520,5)
(495,5)
(8.3,5)
(658,5)
(1443,5)
(209,5)
(704,5)
(544,5)
(627,5)
(465,5)
(468,4)
(431,4)
(883,4)
(4.45,4)
(1752,4)
(8080,4)
(518,4)
(1177,4)
(969,4)
(519,4)
(276,4)
(10242,4)
(1098,4)
(321,4)
(1756,4)
(403,4)
(322,4)
(1225,4)
(1676,4)
(1720,4)
(1596,4)
(1640,4)
(1146,4)
(1641,4)
(1679,4)
(740,4)
(1147,4)
(326,4)
(408,4)
(1482,4)
(742,4)
(580,4)
(825,4)
(249,4)
(1565,4)
(1728,4)
(213,4)
(745,4)
(1729,4)
(585,4)
(666,4)
(748,4)
(1532,4)
(711,4)
(1569,4)
(1119,4)
(2.48,4)
(1489,4)
(587,4)
(713,4)
(551,4)
(11.3,4)
(552,4)
(11.4,4)
(715,4)
(11.6,4)
(392,4)
(1537,4)
(1619,4)
(555,4)
(1420,4)
(890,4)
(601,4)
(11.9,4)
(0.75,4)
(1504,4)
(477,4)
(3700,4)
(441,4)
(7.4,4)
(478,4)
(522,4)
(559,4)
(604,4)
(1506,4)
(2154,4)
(1425,4)
(443,4)
(1185,4)
(526,4)
(284,4)
(446,4)
(1681,4)
(285,4)
(780,4)
(1349,4)
(286,4)
(412,4)
(413,4)
(945,4)
(251,4)
(289,4)
(0.13,4)
(1237,4)
(948,4)
(1570,4)
(830,4)
(13.2,4)
(337,4)
(1737,4)
(755,4)
(304,4)
(674,4)
(801,4)
(1460,4)
(1499,4)
(641,4)
(803,4)
(560,4)
(1625,4)
(1706,4)
(4217,4)
(147,4)
(9.5,4)
(432.2,4)
(1628,4)
(9.8,4)
(1389,4)
(0010,4)
(488,4)
(613,4)
(1192,4)
(614,4)
(987,4)
(374,4)
(1691,4)
(951,4)
(537,4)
(10.8,4)
(1693,4)
(539,4)
(1198,4)
(1325,4)
(298,4)
(1740,4)
(1164,4)
(263,4)
(1246,4)
(5800,4)
(1741,4)
(507,4)
(1210,4)
(878,4)
(427,4)
(1699,4)
(347,4)
(879,4)
(843,4)
(1583,4)
(924,4)
(267,4)
(1745,4)
(1584,4)
(1665,4)
(925,4)
(313,4)
(1134,4)
(269,4)
(233,4)
(189,4)
(1712,4)
(928,4)
(1749,4)
(12.0,4)
(1668,4)
(1470,4)
(1471,4)
(849,4)
(1020,4)
(1714,4)
(1101,4)
(236,4)
(1472,4)
(237,4)
(318,4)
(688,4)
(1022,4)
(1392,4)
(1104,4)
(239,4)
(802.11,4)
(1475,4)
(816,4)
(736,4)
(1557,4)
(1395,4)
(8.1,4)
(1521,4)
(1440,4)
(1027,4)
(657,4)
(8.2,4)
(1441,4)
(576,4)
(5500,4)
(2.00,4)
(621,4)
(17.5,4)
(1524,4)
(6150,4)
(622,4)
(0101,4)
(1606,4)
(381,4)
(499,4)
(8.6,4)
(543,4)
(625,4)
(1529,4)
(709,3)
(24.5,3)
(1251,3)
(5150,3)
(352,3)
(1173,3)
(514,3)
(1417,3)
(1418,3)
(14.2,3)
(517,3)
(1095,3)
(770,3)
(1.07,3)
(1672,3)
(1673,3)
(1592,3)
(852,3)
(1141,3)
(1259,3)
(10243,3)
(1223,3)
(359,3)
(1675,3)
(774,3)
(693,3)
(8859,3)
(14.7,3)
(1677,3)
(92.3,3)
(1560,3)
(1228,3)
(1067,3)
(1724,3)
(5.9,3)
(661,3)
(1068,3)
(0.07,3)
