(2168,1)
(1196,1)
(988,1)
(23.15,1)
(1.26,1)
(13.52,1)
(0.54,1)
(4.69,1)
(1358,1)
(0.506,1)
(15.3,1)
(9.19,1)
(32.5,1)
(4.33,1)
(1359,1)
(2088,1)
(10.47,1)
(952,1)
(221.7,1)
(5300,1)
(619,1)
(2190.2,1)
(1.227,1)
(1.27,1)
(1101010,1)
(405.3,1)
(1692,1)
(47.9,1)
(77.26,1)
(71.2,1)
(73.49,1)
(791,1)
(10.11,1)
(16.60,1)
(1080,1)
(872,1)
(7.77,1)
(340.26,1)
(1.28,1)
(3.14159,1)
(86.7,1)
(38.57,1)
(1242,1)
(0.56,1)
(8.13,1)
(1324,1)
(71.4,1)
(84.75,1)
(2.91,1)
(5.07,1)
(4.35,1)
(6112,1)
(0.680,1)
(365.24219,1)
(2254.3,1)
(1243,1)
(873,1)
(1162,1)
(10.12,1)
(118.06,1)
(297,1)
(162.6,1)
(1.725,1)
(793,1)
(54.60,1)
(6726,1)
(13432,1)
(379,1)
(12.84,1)
(84001,1)
(4.36,1)
(2.607,1)
(24.81,1)
(15.7,1)
(8.14,1)
(1245,1)
(6.71,1)
(0.59,1)
(11200,1)
(193940,1)
(3.65,1)
(4.37,1)
(171.72,1)
(32.9,1)
(2.93,1)
(106.9,1)
(4945,1)
(1696,1)
(795,1)
(344,1)
(22.1,1)
(79.65,1)
(1408,1)
(87460,1)
(10.15,1)
(000593,1)
(506,1)
(0.23,1)
(2056,1)
(54.99,1)
(2254.6,1)
(3.211,1)
(257.23,1)
(1165,1)
(7.44,1)
(1084,1)
(3.66,1)
(2101,1)
(0.24,1)
(1247,1)
(1166,1)
(3.212,1)
(877,1)
(441.10,1)
(71.8,1)
(5676,1)
(1698,1)
(921,1)
(282.6,1)
(167.4,1)
(4.02,1)
(3.31,1)
(841,1)
(1581,1)
(1167,1)
(1743,1)
(16.66,1)
(184.44,1)
(2.944,1)
(6036,1)
(93.5,1)
(922,1)
(1329,1)
(22.4,1)
(365.2422,1)
(2059,1)
(1087,1)
(1131,1)
(2.97,1)
(5.230,1)
(509,1)
(152.2,1)
(81.01,1)
(132563,1)
(45.74,1)
(98.1,1)
(762,1)
(1132,1)
(6.76,1)
(4418,1)
(5110,1)
(222555,1)
(37.9,1)
(93.7,1)
(4300,1)
(4.05,1)
(29.37,1)
(79896,1)
(9.82,1)
(98.2,1)
(24.88,1)
(231,1)
(349,1)
(2.62,1)
(16.33,1)
(4339,1)
(44.3,1)
(2395,1)
(15.98,1)
(300.000,1)
(926,1)
(4221,1)
(764,1)
(2890,1)
(845,1)
(14827,1)
(3250,1)
(98.5,1)
(15.62,1)
(0.0015,1)
(42.35,1)
(99984629999.7,1)
(20000,1)
(4060,1)
(94720,1)
(11046,1)
(2440,1)
(6.79,1)
(22.8,1)
(0.158,1)
(2.65,1)
(685,1)
(5.235,1)
(51.27,1)
(186622,1)
(27.4,1)
(98.6,1)
(4179,1)
(10110000,1)
(0.122,1)
(810,1)
(5.71,1)
(2603,1)
(1217,1)
(6891.3,1)
(5.9473,1)
(6.000,1)
(10110001,1)
(152.8,1)
(4800,1)
(3252,1)
(44.6,1)
(1.005,1)
(5566,1)
(0.042,1)
(1218,1)
(98.7,1)
(145457,1)
(811,1)
(2280,1)
(3.2616,1)
(2.67,1)
(1.95,1)
(49.2,1)
(3.02,1)
(1836.1,1)
(120.4,1)
(17.09,1)
(66.32,1)
(868.5,1)
(0.2908,1)
(285.68,1)
(1219,1)
(7.17,1)
(687,1)
(074,1)
(12.23,1)
(1139,1)
(2.31,1)
(2.222,1)
(44.8,1)
(1391,1)
(1634,1)
(3.3428,1)
(2525,1)
(533.45,1)
(49.3,1)
(5.74,1)
(4677,1)
(83.5,1)
(1021,1)
(34.969,1)
(5.75,1)
(6.7035,1)
(16.02,1)
(3336,1)
(51.1,1)
(44.9,1)
(1.378,1)
(206.1,1)
(0.045,1)
(117721,1)
(23.86,1)
(7.19,1)
(2526,1)
(319,1)
(689,1)
(3750,1)
(4.276,1)
(20006,1)
(83.7,1)
(142.3,1)
(2527,1)
(1393,1)
(9.54,1)
(0.046,1)
(3.05,1)
(206.3,1)
(6.49,1)
(54.39,1)
(1.62,1)
(18000,1)
(88.3,1)
(6263,1)
(90.0,1)
(1.99,1)
(2.34,1)
(0.542,1)
(492,1)
(120.8,1)
(0.90,1)
(223.4,1)
(1.000019,1)
(555.08,1)
(17.1,1)
(238.9,1)
(3.07,1)
(6183,1)
(3258,1)
(574,1)
(3753,1)
(5535,1)
(12.7,1)
(1106,1)
(1719,1)
(2.35,1)
(1.63,1)
(17.2,1)
(7074,1)
(0.012,1)
(0.0852,1)
(70.79,1)
(34.4,1)
(575,1)
(3.08,1)
(656,1)
(1026,1)
(494,1)
(4032,1)
(818,1)
(3.604,1)
(0.92,1)
(134.883,1)
(3303,1)
(90.2,1)
(3222,1)
(17.3,1)
(7200,1)
(1.65,1)
(1108,1)
(4646,1)
(19183,1)
(56001,1)
(1397,1)
(03.38,1)
(990,1)
(6.15,1)
(17.4,1)
(1360,1)
(9.21,1)
(54.06,1)
(3800,1)
(1.66,1)
(702,1)
(39.1,1)
(2.38,1)
(20.12,1)
(51.7,1)
(1109,1)
(1398,1)
(1442,1)
(358.9,1)
(27.33,1)
(2.01,1)
(8.477,1)
(1362,1)
(13.93,1)
(8.88,1)
(2334,1)
(16.09,1)
(73.4,1)
(6845,1)
(70.46,1)
(8.52,1)
(2.645,1)
(10.88,1)
(4.74,1)
(9400,1)
(6188,1)
(31.76,1)
(2867,1)
(0.96,1)
(20.14,1)
(81.71,1)
(5503,1)
(1363,1)
(1.68,1)
(579,1)
(73.5,1)
(2.03,1)
(5.7089,1)
(1444,1)
(542,1)
(9969,1)
(2.04,1)
(5.544,1)
(9.25,1)
(705,1)
(4.75,1)
(73.6,1)
(23.21,1)
(164.7,1)
(0.963,1)
(441.9,1)
(5.10,1)
(0.97,1)
(8.479,1)
(012,1)
(4001,1)
(5.48,1)
(1446,1)
(5.11,1)
(230.4,1)
(2126.0,1)
(995,1)
(2256,1)
(1285,1)
(479.57,1)
(2257,1)
(2914,1)
(12.982,1)
(626,1)
(1.34,1)
(4.40,1)
(1410,1)
(5.12,1)
(24.2,1)
(0.62,1)
(2590,1)
(6.0358,1)
(440319,1)
(4535,1)
(1286,1)
(29.73,1)
(1411,1)
(1367,1)
(8.9,1)
(5.3735,1)
(2.07,1)
(242.580,1)
(7.112,1)
(232.60,1)
(38.64,1)
(5264,1)
(84.81,1)
(2126.2,1)
(5.13,1)
(6768,1)
(506.11,1)
(708,1)
