(221,17)
(1817,17)
(179,17)
(2017,17)
(7000,17)
(3.1,17)
(3.2,17)
(123,17)
(430,16)
(1785,16)
(162,16)
(1804,16)
(1806,16)
(167,16)
(2.4,16)
(393,16)
(1810,16)
(1814,16)
(113,16)
(115,16)
(1820,16)
(1822,16)
(1826,16)
(1788,15)
(1754,15)
(168,15)
(2.7,15)
(440,15)
(2.9,15)
(1761,15)
(4.6,15)
(148,15)
(1779,15)
(124,15)
(1559,15)
(1784,14)
(5.5,14)
(1648,14)
(1649,14)
(7.1,14)
(1794,14)
(1796,14)
(1764,14)
(1689,14)
(670,14)
(4.2,14)
(144,14)
(486,14)
(1400,14)
(340,14)
(260,14)
(1777,14)
(183,14)
(310,14)
(129,14)
(0.3,13)
(1807,13)
(131,13)
(133,13)
(137,13)
(366,13)
(1730,13)
(1650,13)
(1813,13)
(911,13)
(1816,13)
(1701,13)
(225,13)
(227,13)
(2400,13)
(1511,13)
(114,13)
(2100,13)
(1552,13)
(1553,13)
(205,13)
(3.9,13)
(1750,12)
(192,12)
(5.0,12)
(0.7,12)
(197,12)
(325,12)
(164,12)
(210,12)
(212,12)
(102,12)
(2.3,12)
(1762,12)
(914,12)
(178,12)
(145,12)
(1350,12)
(612,12)
(370,12)
(1771,12)
(6.5,12)
(299,12)
(182,12)
(151,12)
(232,12)
(155,12)
(156,12)
(1718,12)
(3.8,12)
(126,12)
(1609,12)
(351,11)
(404,11)
(1802,11)
(1725,11)
(1001,11)
(2.1,11)
(218,11)
(395,11)
(7.5,11)
(1765,11)
(1769,11)
(4.1,11)
(4.4,11)
(141,11)
(1620,11)
(305,11)
(1.25,11)
(375,11)
(1660,11)
(737,11)
(1603,11)
(380,11)
(1786,10)
(5.1,10)
(401,10)
(196,10)
(243,10)
(1805,10)
(630,10)
(1615,10)
(3200,10)
(1797,10)
(1766,10)
(1688,10)
(416,10)
(255,10)
(176,10)
(4.3,10)
(1656,10)
(13.8,10)
(1512,10)
(1513,10)
(950,10)
(1772,10)
(1773,10)
(181,10)
(6.8,10)
(264,10)
(184,10)
(185,10)
(429,10)
(1748,10)
(153,10)
(157,10)
(3.4,10)
(3.6,10)
(3.7,10)
(620,10)
(208,10)
(1782,9)
(1250,9)
(511,9)
(386,9)
(433,9)
(1670,9)
(0.4,9)
(2030,9)
(1753,9)
(0.6,9)
(1757,9)
(405,9)
(5.6,9)
(777,9)
(1723,9)
(660,9)
(169,9)
(390,9)
(391,9)
(1618,9)
(520,9)
(7.2,9)
(362,9)
(2200,9)
(364,9)
(7.8,9)
(332,9)
(333,9)
(1768,9)
(174,9)
(1493,9)
(1657,9)
(1540,9)
(143,9)
(4.7,9)
(757,9)
(1542,9)
(640,9)
(1011,9)
(8000,9)
(1514,9)
(1516,9)
(1517,9)
(1690,9)
(2050,9)
(420,9)
(6.3,9)
(343,9)
(7500,9)
(262,9)
(680,9)
(186,9)
(1550,9)
(234,9)
(730,9)
(202,9)
(204,9)
(206,9)
(207,9)
(8.5,9)
(464,9)
(510,8)
(385,8)
(999,8)
(1751,8)
(274,8)
(194,8)
(356,8)
(690,8)
(853,8)
(278,8)
(1759,8)
(1598,8)
(245,8)
(1643,8)
(328,8)
(247,8)
(166,8)
(1485,8)
(134,8)
(710,8)
(470,8)
(11.5,8)
(7.0,8)
(475,8)
(7.3,8)
(605,8)
(525,8)
(1680,8)
(410,8)
(411,8)
(171,8)
(254,8)
(338,8)
(1654,8)
(301,8)
(177,8)
(1497,8)
(720,8)
(1541,8)
(1578,8)
(1703,8)
(2019,8)
(4.8,8)
(1012,8)
(229,8)
(1709,8)
(119,8)
(790,8)
(502,8)
(6.4,8)
(425,8)
(760,8)
(311,8)
(152,8)
(235,8)
(201,8)
(238,8)
(1717,8)
(1639,8)
(1396,8)
(540,8)
(541,8)
(2300,8)
(960,8)
(880,7)
(4500,7)
(2800,7)
(1415,7)
(432,7)
(191,7)
(354,7)
(435,7)
(1671,7)
(5.2,7)
(277,7)
(358,7)
(0.9,7)
(241,7)
(323,7)
(242,7)
(936,7)
(1758,7)
(5.7,7)
(1597,7)
(5.8,7)
(1642,7)
(1644,7)
(211,7)
(68040,7)
(248,7)
(1647,7)
(1611,7)
(1568,7)
(215,7)
(1612,7)
(1450,7)
(667,7)
(1533,7)
(138,7)
(139,7)
(1538,7)
(1501,7)
(1260,7)
(396,7)
(1180,7)
(363,7)
(282,7)
(1347,7)
(1683,7)
(331,7)
(288,7)
(1767,7)
(172,7)
(1687,7)
(415,7)
(1651,7)
(8800,7)
(13.5,7)
(339,7)
(1043,7)
(223,7)
(224,7)
(1659,7)
(18.5,7)
(597,7)
(228,7)
(1545,7)
(599,7)
(1627,7)
(610,7)
(567,7)
(1515,7)
(371,7)
(372,7)
(3100,7)
(6.0,7)
(455,7)
(501,7)
(421,7)
(1694,7)
(6.6,7)
(958,7)
(1742,7)
(1248,7)
(265,7)
(4096,7)
(1667,7)
(1587,7)
(215152,7)
(570,7)
(732,7)
(1715,7)
(571,7)
(158,7)
(491,7)
(1638,7)
(1602,7)
(701,7)
(1604,7)
(8.4,7)
(498,7)
(1607,7)
(462,7)
(8.7,7)
(1527,7)
(545,7)
(546,7)
(387,6)
(271,6)
(434,6)
(272,6)
(515,6)
(193,6)
(1590,6)
(437,6)
(357,6)
(772,6)
(1593,6)
(0.01,6)
(5.4,6)
(198,6)
(0.02,6)
(324,6)
(199,6)
(406,6)
(163,6)
(1722,6)
(246,6)
(409,6)
(583,6)
(214,6)
(1613,6)
(11.1,6)
(586,6)
(1453,6)
(1535,6)
(8601,6)
(472,6)
(1502,6)
(1503,6)
(1793,6)
(1507,6)
(447,6)
(448,6)
(367,6)
(414,6)
(252,6)
(253,6)
(173,6)
(1490,6)
(1733,6)
(1652,6)
