(1,1702)
(10,1040)
(2,1028)
(4,877)
(3,857)
(5,808)
(20,798)
(15,770)
(12,735)
(2010,721)
(100,699)
(30,689)
(2011,682)
(11,665)
(6,631)
(18,608)
(7,572)
(25,569)
(16,569)
(2008,562)
(2009,553)
(2007,550)
(14,547)
(2006,545)
(13,542)
(2005,529)
(8,521)
(2012,520)
(2013,512)
(2014,490)
(24,473)
(2000,460)
(50,450)
(17,440)
(2004,429)
(9,427)
(21,418)
(2001,406)
(2015,399)
(19,393)
(22,384)
(28,366)
(2003,366)
(40,352)
(1999,339)
(23,336)
(200,325)
(26,316)
(2002,316)
(1998,303)
(1997,294)
(31,290)
(500,282)
(27,277)
(1994,267)
(60,264)
(29,257)
(1996,251)
(1992,249)
(0,247)
(1991,247)
(1995,247)
(1990,236)
(1980,212)
(300,206)
(1989,202)
(1986,188)
(1993,188)
(1974,183)
(1984,182)
(80,181)
(400,180)
(70,180)
(1988,169)
(1983,167)
(1982,166)
(1975,166)
(1000,165)
(1985,164)
(150,164)
(1972,163)
(65,161)
(45,161)
(35,159)
(1976,159)
(1971,158)
(1970,157)
(1969,154)
(1966,153)
(1987,151)
(1979,150)
(32,148)
(1973,148)
(1960,144)
(1965,142)
(90,141)
(1977,141)
(1978,141)
(1964,139)
(1981,136)
(1968,134)
(2016,133)
(48,129)
(1948,125)
(1967,124)
(1945,123)
(600,120)
(1961,120)
(1963,120)
(1958,117)
(1939,116)
(1947,115)
(33,114)
(1956,113)
(2600,113)
(1962,112)
(1920,111)
(1940,110)
(36,109)
(34,107)
(1950,105)
(64,103)
(1942,102)
(1955,101)
(1919,98)
(1946,97)
(1949,97)
(1959,97)
(700,97)
(1914,92)
(1953,92)
(1917,90)
(1923,90)
(1941,90)
(1944,89)
(1954,89)
(250,89)
(51,89)
(1910,88)
(1918,88)
(747,88)
(44,88)
(1930,88)
(1952,86)
(1943,86)
(37,85)
(120,84)
(38,83)
(800,83)
(1929,81)
(42,81)
(1938,81)
(75,79)
(1900,79)
(1957,78)
(1922,78)
(1933,78)
(1916,76)
(1927,76)
(1934,76)
(1951,75)
(7800,75)
(1931,75)
(1901,75)
(39,74)
(1925,74)
(1905,74)
(1913,73)
(767,72)
(1936,71)
(41,69)
(1903,69)
(52,69)
(130,68)
(1924,68)
(1937,68)
(1908,68)
(1912,66)
(1.5,66)
(1911,65)
(1921,65)
(1915,64)
(66,64)
(1500,64)
(55,64)
(1928,63)
(1926,62)
(1906,62)
(1932,61)
(1878,60)
(1904,60)
(1909,60)
(54,60)
(180,58)
(58,58)
(88,57)
(1898,56)
(43,55)
(47,55)
(56,55)
(1907,54)
(1935,53)
(49,52)
(1868,51)
(160,51)
(1860,51)
(1899,51)
(900,50)
(128,50)
(1896,50)
(72,49)
(110,49)
(46,48)
(1902,48)
(1890,48)
(1830,47)
(3000,47)
(1800,47)
(95,47)
(140,47)
(1880,47)
(62,46)
(2.5,46)
(68,46)
(1893,46)
(1867,45)
(63,45)
(1879,45)
(53,45)
(1861,45)
(350,44)
(93,44)
(1848,44)
(77,44)
(57,44)
(170,43)
(256,43)
(5000,43)
(125,43)
(1862,43)
(1870,42)
(1871,42)
(1844,42)
(1882,42)
(1864,41)
(1869,41)
(1876,41)
(61,40)
(1877,40)
(74,40)
(3.5,40)
(1891,40)
(1874,39)
(1881,39)
(000,39)
(85,39)
(1897,39)
(1863,38)
(59,38)
(67,38)
(1854,38)
(1846,37)
(1200,37)
(73,37)
(1.2,37)
(4000,37)
(78,36)
(450,36)
(98,35)
(2.2,35)
(1842,35)
(1885,35)
(1889,35)
(1857,35)
(1894,35)
(0.5,34)
(1886,34)
(1892,34)
(101,33)
(105,33)
(1884,33)
(1.3,33)
(1858,33)
(1859,33)
(1100,33)
(1847,32)
(71,32)
(1866,31)
(99,31)
(1872,31)
(106,31)
(1887,31)
(1888,31)
(3.3,31)
(1600,31)
(1895,31)
(1873,30)
(360,30)
(1883,30)
(1850,30)
(1812,29)
(1818,29)
(1662,29)
(1834,28)
(1835,28)
(96,28)
(104,28)
(79,28)
(118,28)
(1.7,28)
(81,28)
(3.0,28)
(87,28)
(68000,28)
(512,27)
(1865,27)
(92,27)
(94,27)
(750,27)
(1776,27)
(1821,27)
(89,27)
(1801,26)
(1839,26)
(69,26)
(1875,26)
(1841,26)
(1815,26)
(220,26)
(1855,26)
(1778,26)
(6000,26)
(1783,25)
(270,25)
(1832,25)
(1833,25)
(5200,25)
(1836,25)
(1838,25)
(116,25)
(1852,25)
(1824,25)
(1789,24)
(1837,24)
(97,24)
(2.0,24)
(365,24)
(1819,24)
(1.6,24)
(1856,24)
(1823,24)
(6502,24)
(1024,24)
(1780,24)
(0.1,23)
(1787,23)
(165,23)
(1808,23)
(135,23)
(280,23)
(1840,23)
(1549,23)
(82,23)
(240,22)
(1803,22)
(2500,22)
(132,22)
(2.8,22)
(1799,22)
(330,22)
(1845,22)
(1700,22)
(4.5,22)
(480,22)
(1851,22)
(1.8,22)
(1775,22)
(1831,21)
(1790,21)
(1791,21)
(108,21)
(175,21)
(1.1,21)
(2020,21)
(1825,21)
(230,21)
(83,21)
(84,21)
(1781,21)
(103,20)
(109,20)
(1843,20)
(4.0,20)
(111,20)
(112,20)
(1.4,20)
(86,20)
(91,19)
(1798,19)
(1492,19)
(146,19)
(1774,19)
(1828,19)
(650,19)
(121,19)
(122,19)
(127,19)
(0.2,18)
(190,18)
(1300,18)
(850,18)
(0.8,18)
(136,18)
(2.6,18)
(1792,18)
(107,18)
(787,18)
(2018,18)
(1707,18)
(76,18)
(1.0,18)
(117,18)
(290,18)
(1770,18)
(1853,18)
(1.9,18)
(1827,18)
(1829,18)
(490,18)
(460,18)
(355,17)
(320,17)
(1755,17)
(1809,17)
(550,17)
(1795,17)
(1763,17)
(1811,17)
(1849,17)
