(6.95,1)
(3.89,1)
(40.6,1)
(781,1)
(2655,1)
(1269,1)
(25.41,1)
(99.2,1)
(943,1)
(8.39,1)
(3.766,1)
(23.5,1)
(173831,1)
(40.7,1)
(45.2,1)
(23.6,1)
(2043,1)
(2124,1)
(944,1)
(863,1)
(94.8,1)
(100.77,1)
(1.471,1)
(1.19,1)
(8254,1)
(7.32,1)
(126.16,1)
(13.075,1)
(16.89,1)
(2701,1)
(294117,1)
(1153,1)
(22.00,1)
(1234,1)
(2495.6,1)
(1072,1)
(16384,1)
(864,1)
(9066,1)
(67.0,1)
(23.8,1)
(2.83,1)
(22.38,1)
(40.9,1)
(1154,1)
(1073,1)
(1316,1)
(8175,1)
(99.5,1)
(17438,1)
(2540,1)
(1317,1)
(947,1)
(2.84,1)
(2.888,1)
(23.9,1)
(2046,1)
(1155,1)
(5.416,1)
(43197,1)
(5585,1)
(3.57,1)
(1318,1)
(10176,1)
(99.7,1)
(0.061,1)
(6.63,1)
(50000,1)
(2047,1)
(0.14,1)
(2380,1)
(2128,1)
(28.5,1)
(1201,1)
(1319,1)
(417,1)
(99.8,1)
(949,1)
(868,1)
(912,1)
(28.6,1)
(336,1)
(84.4,1)
(749.9,1)
(1121,1)
(2.87,1)
(13.3,1)
(12.42,1)
(332.94,1)
(5550,1)
(6522,1)
(5.93,1)
(36.73,1)
(34.39,1)
(13.14,1)
(789,1)
(67.5,1)
(0.677,1)
(109.0,1)
(30.5,1)
(7252,1)
(1041,1)
(14157,1)
(7.38,1)
(7.01,1)
(2.88,1)
(752,1)
(13.4,1)
(07.30,1)
(491.6,1)
(869.7,1)
(28.8,1)
(6.022,1)
(1123,1)
(6.30,1)
(109.1,1)
(337.8,1)
(3400,1)
(333444,1)
(30.26,1)
(5.95,1)
(258,1)
(4.539,1)
(143.3,1)
(35.1,1)
(89.2,1)
(834,1)
(2997,1)
(2.89,1)
(1042,1)
(35.2,1)
(259,1)
(0.19,1)
(01000111,1)
(84.8,1)
(42.24,1)
(59.5409,1)
(3.25,1)
(295.7,1)
(77.81,1)
(5.97,1)
(2.54,1)
(322.6,1)
(2386,1)
(917,1)
(3240,1)
(6.32,1)
(109.3,1)
(2350,1)
(2.55,1)
(67.9,1)
(89.5,1)
(675,1)
(3.27,1)
(12.10,1)
(7670,1)
(0.112,1)
(1739,1)
(5.98,1)
(8.042,1)
(45364,1)
(1045,1)
(52.5,1)
(0.0376,1)
(7.8687,1)
(500.10,1)
(837,1)
(74.2,1)
(1622,1)
(3.28,1)
(35.5,1)
(93083,1)
(1.284,1)
(5.62,1)
(11.979,1)
(838,1)
(9.40,1)
(18.4,1)
(13.9,1)
(78.55,1)
(7914,1)
(3404,1)
(790.9,1)
(10110,1)
(1.84,1)
(6.34,1)
(94.950,1)
(366.1,1)
(35.6,1)
(2.57,1)
(2.20,1)
(596,1)
(52.7,1)
(6286,1)
(3900,1)
(0.565,1)
(1047,1)
(4.91,1)
(12.12,1)
(677,1)
(20.2,1)
(1380,1)
(447.2,1)
(52.8,1)
(8.2766,1)
(35.7,1)
(2.21,1)
(6.362,1)
(20.3,1)
(12345,1)
(27.000,1)
(464.3,1)
(642,1)
(1.87,1)
(20.4,1)
(4631,1)
(57.4,1)
(8589934590,1)
(4550,1)
(2354,1)
(7.09,1)
(35.8,1)
(50.12,1)
(18.7,1)
(723,1)
(5.65,1)
(1.50,1)
(1382,1)
(2192,1)
(512.11,1)
(15.20,1)
(118521,1)
(1.331,1)
(876.7,1)
(9500,1)
(679,1)
(2516,1)
(89.9,1)
(12.133,1)
(561,1)
(1.2449,1)
(1013,1)
(1464,1)
(1.51,1)
(18.8,1)
(507.36,1)
(20.5,1)
(109.9,1)
(91.7,1)
(57.5,1)
(0122,1)
(35.9,1)
(2850,1)
(8.047,1)
(2.908,1)
(2.23,1)
(0340832207,1)
(2.089,1)
(383.5,1)
(643,1)
(481,1)
(0.036,1)
(0.037,1)
(57.6,1)
(402.06,1)
(24.13,1)
(806,1)
(9340,1)
(8530,1)
(148.7,1)
(4101,1)
(1.89,1)
(481.7,1)
(20.6,1)
(9.45,1)
(20367,1)
(1466,1)
(5.31,1)
(645,1)
(231.5,1)
(79.3,1)
(2690,1)
(726,1)
(23.79,1)
(1385,1)
(8.74,1)
(57.7,1)
(96.4,1)
(44.67,1)
(0.038,1)
(807,1)
(20.7,1)
(116.4,1)
(1430,1)
(1.54,1)
(1386,1)
(20.8,1)
(42.4,1)
(101.0,1)
(9.9,1)
(4.60,1)
(1548,1)
(565,1)
(2.26,1)
(0.002,1)
(20.9,1)
(6300,1)
(1387,1)
(81.2,1)
(728,1)
(1431,1)
(647,1)
(0.003,1)
(64.1,1)
(539.53,1)
(1.55,1)
(2359,1)
(1351,1)
(1003.2,1)
(2161,1)
(981,1)
(10001,1)
(5.34,1)
(1469,1)
(3052,1)
(20.02,1)
(116.6,1)
(25.5,1)
(648,1)
(01010,1)
(5.8625,1)
(1432,1)
(3.515,1)
(1506022,1)
(9.12,1)
(3.967,1)
(56.68,1)
(6302,1)
(79.7,1)
(25.6,1)
(77.56,1)
(2.29,1)
(1433,1)
(487,1)
(649,1)
(10002,1)
(0011001011,1)
(47.2,1)
(6.07,1)
(1271,1)
(3.91,1)
(5.35,1)
(64.4,1)
(11.13,1)
(8.79,1)
(4.769,1)
(0.006,1)
(037,1)
(1.21,1)
(6.08,1)
(19752,1)
(51.82,1)
(96.9,1)
(47.3,1)
(70.36,1)
(10003,1)
(42.8,1)
(1353,1)
(20.04,1)
(1272,1)
(270.7,1)
(001,1)
(86.1,1)
(1.22,1)
(489,1)
(9.15,1)
(4360,1)
(4.65,1)
(2939,1)
(66.043,1)
(47536,1)
(452,1)
(299.63,1)
(533,1)
(6674,1)
(1.59,1)
(16215,1)
(1.23,1)
(2660,1)
(6800,1)
(1436,1)
(4.815,1)
(10500,1)
(2822,1)
(1274,1)
(1193,1)
(77.59,1)
(3.276,1)
(4.66,1)
(453,1)
(11.15,1)
(2443144.5003725,1)
(47.5,1)
(0.503,1)
(64.6,1)
(8619,1)
(35.453,1)
(6801,1)
(1.2224,1)
(3552,1)
(1.24,1)
(8340.6,1)
(15.1,1)
(101.7,1)
(8421,1)
(10.44,1)
(5253,1)
(1.224,1)
(2.106,1)
(3020,1)
(986,1)
(0014,1)
(365.25,1)
(1437,1)
(1.800,1)
(1.099,1)
(64.7,1)
(7.219,1)
(131.946,1)
(32.3,1)
(47.7,1)
(48.677,1)
(5.500,1)
(130.000,1)
(1438,1)
(2436204.5,1)
(400.6,1)
(00000111,1)
(4.32,1)
