(1304,1)
(10.29,1)
(17507,1)
(6499,1)
(4.15,1)
(159.7,1)
(1.047,1)
(654.7,1)
(85.7,1)
(1062,1)
(2.72,1)
(2980,1)
(854,1)
(773,1)
(105.7,1)
(14141,1)
(99.96,1)
(42500,1)
(41.71,1)
(208.3,1)
(14.6,1)
(4.16,1)
(161.5,1)
(1594,1)
(9.473,1)
(3952,1)
(4150,1)
(12.65,1)
(3.45,1)
(105.8,1)
(4312,1)
(19.2,1)
(5492,1)
(85.9,1)
(1144,1)
(196.55,1)
(122.9,1)
(296.7,1)
(70.5,1)
(6.51,1)
(7.24,1)
(31.9,1)
(10859,1)
(2450,1)
(53.5,1)
(7400,1)
(2.74,1)
(6.52,1)
(1145,1)
(36.4,1)
(4.18,1)
(937,1)
(516.78,1)
(1064,1)
(0.907,1)
(1308,1)
(53.6,1)
(3009,1)
(938,1)
(36.5,1)
(2037,1)
(857,1)
(082,1)
(0.213,1)
(3.47,1)
(76.03,1)
(80.000,1)
(10110010,1)
(7.25,1)
(19.4,1)
(5700,1)
(6.53,1)
(695,1)
(939,1)
(5819,1)
(29.333333333333332,1)
(0.052,1)
(12.312,1)
(1309,1)
(2.76,1)
(696,1)
(177723,1)
(7358,1)
(5657,1)
(1110,1)
(100.000,1)
(70.8,1)
(407,1)
(997.2,1)
(1148,1)
(6512,1)
(66.42,1)
(3182,1)
(741,1)
(2.40,1)
(58.3,1)
(3.12,1)
(75.4,1)
(53.8,1)
(1030,1)
(92.5,1)
(778,1)
(19.6,1)
(1481,1)
(8051,1)
(1031,1)
(21.4,1)
(112.5,1)
(747.827,1)
(01222,1)
(9600,1)
(120.000,1)
(2.41,1)
(5460,1)
(3345,1)
(99.65,1)
(2.78,1)
(75.5,1)
(19.7,1)
(13751,1)
(0.08,1)
(5.663,1)
(6.20,1)
(662,1)
(5128,1)
(0222,1)
(69.87,1)
(2.42,1)
(0.055,1)
(1113,1)
(58.5,1)
(133.179,1)
(1726,1)
(1032,1)
(21.5,1)
(4200,1)
(1.883,1)
(3.14,1)
(112.6,1)
(4.286,1)
(7244,1)
(11.63,1)
(7406,1)
(75.7,1)
(4814,1)
(663,1)
(43.2,1)
(2.43,1)
(1114,1)
(578.76,1)
(21.6,1)
(5012,1)
(1.72,1)
(1115,1)
(254.1,1)
(23.081,1)
(3.16,1)
(450.3,1)
(389.2,1)
(13.08,1)
(92.9,1)
(4734,1)
(813.0,1)
(112.8,1)
(43.3,1)
(541.40,1)
(448.6,1)
(0.589,1)
(584,1)
(1486,1)
(1116,1)
(75.9,1)
(70013,1)
(665,1)
(3.613,1)
(39.74,1)
(26.3,1)
(746,1)
(1.73,1)
(12.00,1)
(3268,1)
(60.5,1)
(3150,1)
(94701,1)
(8.113,1)
(58.9,1)
(37093,1)
(1.74,1)
(26.4,1)
(4123,1)
(44.51,1)
(21.29,1)
(2459,1)
(1036,1)
(2261,1)
(0.023,1)
(156.3,1)
(1.400,1)
(99942,1)
(97.7,1)
(139.2,1)
(102.2,1)
(15872,1)
(6240,1)
(749,1)
(5.54,1)
(48.2,1)
(1371,1)
(3153,1)
(3766,1)
(293.2,1)
(3072,1)
(668,1)
(055,1)
(2262,1)
(17817,1)
(1038,1)
(0110,1)
(27500,1)
(9860,1)
(2182,1)
(0.152449,1)
(26.7,1)
(6.27,1)
(4.1833,1)
(87.0,1)
(15.10,1)
(43.8,1)
(1.77,1)
(82.5,1)
(25143,1)
(48.3,1)
(80188,1)
(14000,1)
(1372,1)
(50.0,1)
(53.46,1)
(333.29,1)
(633,1)
(17.82,1)
(4622,1)
(26.8,1)
(8.532,1)
(1292,1)
(26.73,1)
(102.5,1)
(36.966,1)
(1454,1)
(700.1,1)
(0.477,1)
(48.4,1)
(43.9,1)
(27.46,1)
(0.8247,1)
(14.40,1)
(6900,1)
(2508,1)
(2760,1)
(021,1)
(296.40,1)
(1536,1)
(8520,1)
(6162,1)
(57.25,1)
(4.85,1)
(7.075,1)
(353792,1)
(156430,1)
(3490,1)
(1375,1)
(65.7,1)
(4499,1)
(188111,1)
(77.42,1)
(5.58,1)
(162173,1)
(1294,1)
(178.4,1)
(1.43,1)
(26000,1)
(16.2,1)
(72.0,1)
(15.14,1)
(474,1)
(31.89,1)
(22.414,1)
(11.7,1)
(1295,1)
(87.4,1)
(90.75,1)
(5.59,1)
(1.45,1)
(303.6,1)
(9.38,1)
(48.8,1)
(1007,1)
(65.9,1)
(2.17,1)
(2925,1)
(123.35,1)
(7100,1)
(1421,1)
(102.9,1)
(68881,1)
(396.5,1)
(4.68997,1)
(10.66,1)
(2.18,1)
(0.585274,1)
(55.1,1)
(26535,1)
(6085,1)
(6.4311,1)
(971,1)
(224.401,1)
(1378,1)
(0.0097,1)
(381.2,1)
(5.25,1)
(1.47,1)
(2.19,1)
(33.6,1)
(92687,1)
(1261,1)
(4.53,1)
(55.2,1)
(1.10,1)
(1.085,1)
(602,1)
(4510,1)
(972,1)
(6086,1)
(558,1)
(206610,1)
(1262,1)
(4.54,1)
(0.76,1)
(2766,1)
(15.18,1)
(42818,1)
(603,1)
(3701,1)
(1181,1)
(973,1)
(1299,1)
(0.00315,1)
(38.2,1)
(0.780,1)
(15.282,1)
(470.70,1)
(72.5,1)
(1.49,1)
(0.77,1)
(9.05,1)
(5.27,1)
(4.55,1)
(94.2,1)
(16.8,1)
(60.65,1)
(72.6,1)
(1183,1)
(3.84,1)
(5279,1)
(2189.9,1)
(2650,1)
(8.34,1)
(38.4,1)
(1345,1)
(0.41,1)
(33.9,1)
(1.13,1)
(9789,1)
(13.799,1)
(1184,1)
(89793,1)
(23.1,1)
(2570,1)
(85.69,1)
(16.9,1)
(3623,1)
(976,1)
(462.6,1)
(5900,1)
(5.29,1)
(6215,1)
(298.9,1)
(94.3,1)
(6666,1)
(8367,1)
(1265,1)
(43.56,1)
(1427,1)
(90377,1)
(4.58,1)
(1266,1)
(16622,1)
(1428,1)
(01,1)
(0870,1)
(6.92,1)
(146.8,1)
(445,1)
(60.67,1)
(283,1)
(0.784,1)
(1048576,1)
(94.5,1)
(02,1)
(0.44,1)
(1267,1)
(1311,1)
(68851,1)
(3.87,1)
(608,1)
(7.012,1)
(4.59,1)
(10.36,1)
(4516,1)
(2040,1)
(528,1)
(526.46,1)
(38.8,1)
(2443144.5,1)
(94.6,1)
(5778,1)
(101955,1)
(6100,1)
(573.35,1)
(16.86,1)
(77.5,1)
(3.88,1)
(2122,1)
(7.66,1)
(6101,1)
(170.4,1)
(371.1,1)
(5698,1)
(1070,1)
(7.30,1)
(310.00,1)
