(865,2)
(1235,2)
(28.3,2)
(2207,2)
(1731,2)
(28.4,2)
(6600,2)
(3018,2)
(1075,2)
(786,2)
(7.35,2)
(831,2)
(3.21,2)
(1238,2)
(2.86,2)
(788,2)
(832,2)
(1040,2)
(2.50,2)
(1158,2)
(7090,2)
(6028,2)
(1078,2)
(1203,2)
(1735,2)
(1655,2)
(0.18,2)
(1.80,2)
(591,2)
(1574,2)
(222,2)
(1575,2)
(673,2)
(592,2)
(1494,2)
(916,2)
(593,2)
(1125,2)
(1576,2)
(1206,2)
(18.2,2)
(918,2)
(756,2)
(11000,2)
(1207,2)
(7094,2)
(35.4,2)
(1127,2)
(91.4,2)
(1.85,2)
(839,2)
(89.7,2)
(758,2)
(1498,2)
(9.3,2)
(9.4,2)
(1048,2)
(759,2)
(4711,2)
(1624,2)
(96.1,2)
(1463,2)
(598,2)
(804,2)
(1626,2)
(562,2)
(805,2)
(724,2)
(210277,2)
(3166,2)
(0.80,2)
(2.24,2)
(2.25,2)
(25.2,2)
(91.9,2)
(2402,2)
(1016,2)
(646,2)
(980,2)
(0.83,2)
(809,2)
(566,2)
(2403,2)
(1018,2)
(10.1,2)
(4600,2)
(1388,2)
(1.56,2)
(1270,2)
(1190,2)
(531,2)
(0.005,2)
(2163,2)
(0011,2)
(983,2)
(1.58,2)
(22000,2)
(984,2)
(0.87,2)
(1354,2)
(8500,2)
(10.4,2)
(1435,2)
(0.88,2)
(2741,2)
(32.1,2)
(535,2)
(292,2)
(10.6,2)
(3.96,2)
(15.2,2)
(10.7,2)
(8008,2)
(0.53,2)
(536,2)
(1321,2)
(1240,2)
(1277,2)
(294,2)
(47.8,2)
(1241,2)
(10.9,2)
(1278,2)
(871,2)
(0.55,2)
(1160,2)
(1323,2)
(953,2)
(1404,2)
(007,2)
(1279,2)
(792,2)
(0.57,2)
(9731,2)
(1405,2)
(503,2)
(459,2)
(0.20,2)
(1.29,2)
(1244,2)
(0.58,2)
(423,2)
(1406,2)
(955,2)
(9200,2)
(1163,2)
(794,2)
(505,2)
(956,2)
(2.94,2)
(920,2)
(6809,2)
(21.772,2)
(7.45,2)
(2.95,2)
(22.3,2)
(1212,2)
(9700,2)
(761,2)
(1663,2)
(54.9,2)
(428,2)
(8.19,2)
(6.75,2)
(1051,2)
(348,2)
(0.27,2)
(799,2)
(1088,2)
(1214,2)
(44.2,2)
(0.28,2)
(844,2)
(365.2425,2)
(1215,2)
(2025,2)
(22.7,2)
(683,2)
(8200,2)
(2026,2)
(1711,2)
(927,2)
(27.3,2)
(3.36,2)
(684,2)
(315,2)
(1136,2)
(847,2)
(1055,2)
(6500,2)
(686,2)
(1137,2)
(12.1,2)
(6.44,2)
(317,2)
(2362,2)
(6.45,2)
(812,2)
(12.2,2)
(1390,2)
(1138,2)
(2.30,2)
(12.3,2)
(27.7,2)
(813,2)
(769,2)
(1.96,2)
(101.325,2)
(1058,2)
(1059,2)
(1.97,2)
(27.8,2)
(1473,2)
(652,2)
(1103,2)
(1.98,2)
(59239,2)
(12.5,2)
(573,2)
(8.0,2)
(1476,2)
(655,2)
(1025,2)
(88.5,2)
(1477,2)
(2.36,2)
(1107,2)
(6.14,2)
(12.8,2)
(1558,2)
(2.37,2)
(738,2)
(12.9,2)
(4808,2)
(1280,2)
(577,2)
(1361,2)
(496,2)
(1.67,2)
(1029,2)
(659,2)
(578,2)
(1.95583,2)
(1282,2)
(34.8,2)
(1445,2)
(17.8,2)
(624,2)
(011,2)
(463,2)
(382,2)
(706,2)
(2.05,2)
(17.9,2)
(1.33,2)
(0.99,2)
(66141,2)
(1448,2)
(997,2)
(24.3,2)
(384,2)
(24.4,1)
(2060,1)
(8271,1)
(4.42,1)
(69230,1)
(0.64,1)
(6200,1)
(78.5,1)
(207.69,1)
(9162,1)
(5.82575,1)
(1449,1)
(1331,1)
(1412,1)
(4004,1)
(547,1)
(2.08,1)
(1368,1)
(998,1)
(0.0087,1)
(3033,1)
(41.6,1)
(14367,1)
(2142,1)
(1288,1)
(186.8,1)
(8272,1)
(6.73331,1)
(559.51,1)
(29.0,1)
(5509,1)
(1332,1)
(154.3,1)
(78.6,1)
(11162,1)
(2917,1)
(39.9,1)
(10.57,1)
(115.08,1)
(1.01,1)
(19200,1)
(0.888,1)
(15.08,1)
(17.42,1)
(148326,1)
(1.38,1)
(1414,1)
(29.1,1)
(017,1)
(4.668,1)
(17.79,1)
(2062,1)
(8192,1)
(7012,1)
(882,1)
(29.2,1)
(388,1)
(2144,1)
(179.73,1)
(7.88,1)
(105.10,1)
(30000,1)
(24.7,1)
(2801,1)
(18.251,1)
(1.02,1)
(100.4,1)
(469,1)
(0.67,1)
(46.3,1)
(9660,1)
(964,1)
(1172,1)
(1253,1)
(884,1)
(100.5,1)
(2307,1)
(32.616,1)
(5.434,1)
(41.9,1)
(965,1)
(149.95,1)
(31.0,1)
(17.000,1)
(1416,1)
(4873,1)
(1092,1)
(46.4,1)
(3568,1)
(10.23,1)
(4.46,1)
(632.5,1)
(0.0909,1)
(24.8,1)
(3.75,1)
(4.10,1)
(31.1,1)
(929.7,1)
(54.71,1)
(885,1)
(3532,1)
(421.0,1)
(32767,1)
(966,1)
(24.9,1)
(7.000,1)
(1336,1)
(437760,1)
(10.24,1)
(2146,1)
(468.9,1)
(8.26,1)
(0.855,1)
(1.205,1)
(0.936,1)
(4.48,1)
(9780980586718,1)
(1.05,1)
(886,1)
(0.33,1)
(1094,1)
(68.2,1)
(63.7,1)
(516,1)
(31.2,1)
(192114,1)
(2110,1)
(85.3,1)
(2.376,1)
(436,1)
(4.12,1)
(2.872,1)
(1301,1)
(13.32,1)
(1257,1)
(94.15,1)
(6.83,1)
(1.125,1)
(6.157,1)
(887,1)
(37.63,1)
(457.69,1)
(2031,1)
(14.3,1)
(888,1)
(1140,1)
(31.4,1)
(301.6,1)
(1221,1)
(0.35,1)
(851,1)
(1591,1)
(365.2468,1)
(16.76,1)
(3.78,1)
(6.84,1)
(87.96,1)
(4.13,1)
(1096,1)
(816.5,1)
(6541,1)
(1222,1)
(933,1)
(2726,1)
(3.42,1)
(6.85,1)
(1.08,1)
(1097,1)
(1303,1)
(438,1)
(8900,1)
(4.396,1)
(2033,1)
(70.3,1)
(1061,1)
(14.5,1)
(3.43,1)
(6011,1)
