(581,3)
(1645,3)
(1564,3)
(582,3)
(907,3)
(75.8,3)
(908,3)
(2.45,3)
(131496,3)
(1487,3)
(829,3)
(1488,3)
(60.8,3)
(2181,3)
(632,3)
(1534,3)
(219,3)
(1455,3)
(2.14,3)
(2.15,3)
(554,3)
(473,3)
(4.86,3)
(717,3)
(1377,3)
(718,3)
(33.5,3)
(1297,3)
(1459,3)
(638,3)
(0.74,3)
(5400,3)
(557,3)
(639,3)
(1298,3)
(521,3)
(16.5,3)
(891,3)
(1009,3)
(397,3)
(892,3)
(132406,3)
(974,3)
(893,3)
(398,3)
(361,3)
(442,3)
(1263,3)
(2686,3)
(524,3)
(894,3)
(1346,3)
(38.5,3)
(1.15,3)
(896,3)
(940,3)
(860,3)
(1150,3)
(1.17,3)
(898,3)
(862,3)
(529,3)
(449,3)
(368,3)
(1684,3)
(782,3)
(784,3)
(1686,3)
(785,3)
(334,3)
(1236,3)
(13.1,3)
(1732,3)
(335,3)
(80386,3)
(2048,3)
(0.15,3)
(1157,3)
(1120,3)
(1572,3)
(751,3)
(1202,3)
(913,3)
(418,3)
(1122,3)
(590,3)
(419,3)
(671,3)
(5100,3)
(672,3)
(1736,3)
(302,3)
(1205,3)
(18.1,3)
(1124,3)
(303,3)
(13.7,3)
(9.0,3)
(1495,3)
(1577,3)
(594,3)
(1496,3)
(9.1,3)
(9.2,3)
(919,3)
(1208,3)
(1046,3)
(1461,3)
(1623,3)
(1128,3)
(1579,3)
(721,3)
(1462,3)
(1705,3)
(1543,3)
(308,3)
(2.22,3)
(1049,3)
(4.93,3)
(10646,3)
(1546,3)
(1014,3)
(1708,3)
(482,3)
(1.52,3)
(564,3)
(483,3)
(1629,3)
(484,3)
(1017,3)
(10000,3)
(729,3)
(611,3)
(2900,3)
(1019,3)
(1.57,3)
(10.2,3)
(1.20,3)
(10.3,3)
(1273,3)
(10.5,3)
(534,3)
(1275,3)
(616,3)
(1195,3)
(617,3)
(1320,3)
(1402,3)
(618,3)
(538,3)
(376,3)
(15.4,3)
(3600,3)
(1081,3)
(15.6,3)
(422,3)
(341,3)
(2055,3)
(876,3)
(1327,3)
(162.8,3)
(37.5,3)
(1697,3)
(796,3)
(426,3)
(47186,3)
(2021,3)
(797,3)
(6.9,3)
(346,3)
(1744,3)
(1168,3)
(1249,3)
(22.5,3)
(681,3)
(1.000,3)
(268,3)
(1.90,3)
(1053,3)
(1586,3)
(1.92,3)
(846,3)
(22.9,3)
(1056,3)
(80286,3)
(27.5,3)
(1669,3)
(1713,3)
(1551,3)
(768,3)
(1589,3)
(83.4,3)
(731,3)
(1635,3)
(814,3)
(733,3)
(734,3)
(1636,3)
(815,3)
(654,3)
(203,3)
(12.6,3)
(1601,3)
(6507,3)
(0.93,3)
(991,3)
(739,3)
(1605,3)
(497,3)
(623,3)
(993,3)
(17.7,3)
(461,3)
(1283,3)
(1.32,3)
(4.76,3)
(1284,3)
(383,3)
(1528,3)
(996,3)
(655.957,3)
(466,2)
(1.36,2)
(95.6,2)
(961,2)
(2.09,2)
(3114,2)
(1.00,2)
(629,2)
(881,2)
(548,2)
(0.0,2)
(1171,2)
(1090,2)
(0.30,2)
(513,2)
(1091,2)
(1334,2)
(63.4,2)
(8888,2)
(389,2)
(3.74,2)
(1335,2)
(1.03,2)
(1254,2)
(2065,2)
(85.2,2)
(1255,2)
(1174,2)
(273,2)
(930,2)
(1337,2)
(14.1,2)
(29.5,2)
(1.06,2)
(1338,2)
(931,2)
(1176,2)
(1302,2)
(1060,2)
(31.5,2)
(14.4,2)
(6128,2)
(771,2)
(308.57,2)
(1.09,2)
(439,2)
(691,2)
(1674,2)
(105.6,2)
(29.9,2)
(36.1,2)
(935,2)
(1224,2)
(7.22,2)
(1099,2)
(855,2)
(7.23,2)
(1.544,2)
(1063,2)
(1595,2)
(2036,2)
(775,2)
(0.03,2)
(1721,2)
(21.1,2)
(1678,2)
(820,2)
(1227,2)
(41612,2)
(776,2)
(1066,2)
(1561,2)
(3.48,2)
(821,2)
(902,2)
(19.5,2)
(36.7,2)
(5.83,2)
(15000,2)
(8088,2)
(1562,2)
(0.06,2)
(1599,2)
(1112,2)
(779,2)
(698,2)
(19.8,2)
(905,2)
(329,2)
(743,2)
(1069,2)
(0.09,2)
(1484,2)
(1727,2)
(744,2)
(1646,2)
(1566,2)
(21.7,2)
(2.44,2)
(6.22,2)
(21.8,2)
(0.021,2)
(97.5,2)
(1117,2)
(1531,2)
(26.5,2)
(1118,2)
(1370,2)
(2.47,2)
(5466,2)
(4.81,2)
(1.76,2)
(631,2)
(712,2)
(1290,2)
(1614,2)
(1002,2)
(0111,2)
(669,2)
(68010,2)
(1.40,2)
(65.4,2)
(1291,2)
(1039,2)
(588,2)
(714,2)
(471,2)
(1003,2)
(589,2)
(1373,2)
(1.79,2)
(0.70,2)
(553,2)
(1004,2)
(634,2)
(1456,2)
(635,2)
(33.2,2)
(1.44,2)
(1006,2)
(556,2)
(1458,2)
(1340,2)
(1539,2)
(1296,2)
(970,2)
(16.4,2)
(136418,2)
(1008,2)
(1423,2)
(0000,2)
(16.6,2)
(1424,2)
(1.48,2)
(1505,2)
(60601,2)
(8.33,2)
(1344,2)
(523,2)
(16.7,2)
(0.40,2)
(60558,2)
(1182,2)
(975,2)
(1426,2)
(0.78,2)
(9419,2)
(029,2)
(1264,2)
(7.7,2)
(350.000,2)
(1.14,2)
(00,2)
(1509,2)
(977,2)
(2.512,2)
(212771,2)
(7.9,2)
(4.22,2)
(1186,2)
(527,2)
(1.16,2)
(1230,2)
(897,2)
(861,2)
(1682,2)
(979,2)
(40.5,2)
(1231,2)
(23.4,2)
(0.45,2)
(942,2)
(03,2)
(2816,2)
(4.24,2)
(4400,2)
(94.7,2)
(1188,2)
(106906,2)
(04,2)
(899,2)
(45.1,2)
(1.18,2)
(77.7,2)
(0.10,2)
(1189,2)
(5248,2)
(1314,2)
(1071,2)
(0.506127,2)
(1152,2)
(1685,2)
(2044,2)
(783,2)
(40.8,2)
(369,2)
(94.9,2)
(0.12,2)
